SNP	SOURCE	DISEASE	CHR_gr37.AAC	BP_gr37.AAC	NTAG.AAC	LEFT.AAC	RIGHT.AAC	KBSPAN.AAC	CHR_gr37.AFR	BP_gr37.AFR	NTAG.AFR	LEFT.AFR	RIGHT.AFR	KBSPAN.AFR	CHR_gr37.AMR	BP_gr37.AMR	NTAG.AMR	LEFT.AMR	RIGHT.AMR	KBSPAN.AMR	CHR_gr37.EAS	BP_gr37.EAS	NTAG.EAS	LEFT.EAS	RIGHT.EAS	KBSPAN.EAS	CHR_gr37.EUR	BP_gr37.EUR	NTAG.EUR	LEFT.EUR	RIGHT.EUR	KBSPAN.EUR	CHR_gr37.SAS	BP_gr37.SAS	NTAG.SAS	LEFT.SAS	RIGHT.SAS	KBSPAN.SAS	CHR_region_gr37	BP_midpoint_gr37	minLeft	maxRight	maxSpan	superRegions	CHR_audited	minLeft_audited	maxRight_audited	maxSpan_audited
rs114138760	Nalls et al. 2019	PD	NA	NA	NA	NA	NA	NA	NA	NA	NA	NA	NA	NA	NA	NA	NA	NA	NA	NA	NA	NA	NA	NA	NA	NA	1	154898185	5	154806908	155007229	200.322	1	154898185	2	154852735	154929735	77.001	1	154898185	154806908	155007229	200321	1	1	154806908	155820734	1013826
rs35749011	Nalls et al. 2019	PD	NA	NA	NA	NA	NA	NA	NA	NA	NA	NA	NA	NA	NA	NA	NA	NA	NA	NA	NA	NA	NA	NA	NA	NA	1	155135036	11	154988255	155820734	832.48	NA	NA	NA	NA	NA	NA	1	155135036	154988255	155820734	832479	1	1	NA	NA	NA
rs4575098	Jansen et al. 2019	AD	1	161155392	21	161068836	161183516	114.681	1	161155392	16	161092511	161183516	91.006	1	161155392	64	161068240	161192511	124.272	1	161155392	59	161068240	161186313	118.074	1	161155392	22	161068836	161160872	92.037	1	161155392	26	161068836	161183516	114.681	1	161155392	161068240	161192511	124271	0	1	161068240	161192511	124271
rs6658353	Nalls et al. 2019	PD	1	161469054	12	161457637	161479745	22.109	1	161469054	5	161463601	161479745	16.145	1	161469054	9	161460211	161479745	19.535	1	161469054	18	161460211	161479745	19.535	1	161469054	10	161460211	161479745	19.535	1	161469054	18	161460211	161479745	19.535	1	161469054	161457637	161479745	22108	0	1	161457637	161479745	22108
rs11578699	Nalls et al. 2019	PD	1	171719769	25	171710405	171733426	23.022	1	171719769	23	171711152	171733426	22.275	1	171719769	143	171649458	171729930	80.473	1	171719769	90	171649502	171729930	80.429	1	171719769	198	171649458	171733426	83.969	1	171719769	253	171626080	171729930	103.851	1	171719769	171626080	171733426	107346	0	1	171626080	171733426	107346
rs1411478	Hoglinger et al. 2011	PSP	1	180962282	25	180943529	180962282	18.754	1	180962282	25	180943529	180962282	18.754	1	180962282	44	180940588	181017348	76.761	1	180962282	45	180940588	181017348	76.761	1	180962282	43	180940588	181016529	75.942	1	180962282	62	180940588	181017348	76.761	1	180962282	180940588	181017348	76760	0	1	180940588	181017348	76760
rs823118	Nalls et al. 2019	PD	1	205723572	29	205679239	205762406	83.168	1	205723572	31	205659491	205764800	105.31	1	205723572	44	205676088	205757824	81.737	1	205723572	73	205642390	205779231	136.842	1	205723572	37	205670369	205774897	104.529	1	205723572	43	205670369	205762946	92.578	1	205723572	205642390	205779231	136841	2	1	205642390	205807504	165114
rs11557080	Nalls et al. 2019	PD	1	205737739	7	205661418	205737739	76.322	1	205737739	4	205683355	205737739	54.385	1	205737739	14	205660940	205756484	95.545	1	205737739	76	205642390	205807504	165.115	1	205737739	16	205642390	205737739	95.35	1	205737739	33	205642390	205807504	165.115	1	205737739	205642390	205807504	165114	2	1	NA	NA	NA
rs2093760	Jansen et al. 2019	AD	1	207786828	4	207749132	207786828	37.697	1	207786828	4	207749132	207786828	37.697	1	207786828	21	207679307	207806730	127.424	1	207786828	20	207677486	207806730	129.245	1	207786828	22	207679307	207806730	127.424	1	207786828	22	207679307	207806730	127.424	1	207786828	207677486	207806730	129244	3	1	207653395	207850539	197144
rs4844610	Kunkle et al. 2019	AD	1	207802552	9	207653395	207802552	149.158	1	207802552	0	207802552	207802552	0.001	1	207802552	22	207679307	207806730	127.424	1	207802552	6	207684192	207802552	118.361	1	207802552	23	207679307	207850539	171.233	1	207802552	21	207679307	207806730	127.424	1	207802552	207653395	207850539	197144	3	1	NA	NA	NA
rs4653767	Nalls et al. 2019	PD	1	226916078	6	226912891	226923264	10.374	1	226916078	6	226912891	226923264	10.374	1	226916078	11	226903535	226923264	19.73	1	226916078	5	226916078	226923264	7.187	1	226916078	11	226906961	226972551	65.591	1	226916078	24	226903535	226965334	61.8	1	226916078	226903535	226972551	69016	0	1	226903535	226972551	69016
rs10797576	Nalls et al. 2019	PD	1	232664611	2	232658436	232672841	14.406	1	232664611	2	232658436	232672841	14.406	1	232664611	11	232657647	232672841	15.195	1	232664611	13	232644654	232672841	28.188	1	232664611	21	232644654	232672841	28.188	1	232664611	8	232642837	232672841	30.005	1	232664611	232642837	232672841	30004	0	1	232642837	232672841	30004
rs76116224	Nalls et al. 2019	PD	2	18147848	1	18114658	18147848	33.191	2	18147848	19	18063862	18254047	190.186	2	18147848	0	18147848	18147848	0.001	NA	NA	NA	NA	NA	NA	2	18147848	0	18147848	18147848	0.001	2	18147848	0	18147848	18147848	0.001	2	18147848	18063862	18254047	190185	0	2	18063862	18254047	190185
rs7571971	Hoglinger et al. 2011	PSP	2	88895351	25	88820164	89127937	307.774	2	88895351	13	88820164	89127937	307.774	2	88895351	35	88840761	89128221	287.461	2	88895351	70	88779515	89128221	348.707	2	88895351	31	88870632	89103554	232.923	2	88895351	34	88795621	89103554	307.934	2	88895351	88779515	89128221	348706	0	2	88779515	89128221	348706
rs2042477	Nalls et al. 2019	PD	2	96000943	135	95716644	96685021	968.378	2	96000943	128	95734623	96388762	654.14	2	96000943	151	95517340	96377078	859.739	2	96000943	147	95715867	96207952	492.086	2	96000943	157	95444831	96038810	593.98	2	96000943	163	95444831	96207952	763.122	2	96000943	95444831	96685021	1240190	0	2	95444831	96685021	1240190
rs11683001	Nalls et al. 2019	PD	2	102396963	38	102300940	102440166	139.227	2	102396963	68	102302650	102569353	266.704	2	102396963	59	102286492	102568527	282.036	2	102396963	55	102300940	102568527	267.588	2	102396963	47	102300940	102543053	242.114	2	102396963	50	102300940	102543053	242.114	2	102396963	102286492	102569353	282861	0	2	102286492	102569353	282861
rs4663105	Jansen et al. 2019	AD	2	127891427	2	127891427	127894615	3.189	2	127891427	2	127891427	127894615	3.189	2	127891427	4	127882182	127894615	12.434	2	127891427	5	127882182	127894851	12.67	2	127891427	6	127882182	127894615	12.434	2	127891427	7	127865100	127892810	27.711	2	127891427	127865100	127894851	29751	4	2	127865100	127894851	29751
rs6733839	Kunkle et al. 2019	AD	2	127892810	0	127892810	127892810	0.001	2	127892810	0	127892810	127892810	0.001	2	127892810	1	127891427	127892810	1.384	2	127892810	3	127882182	127892810	10.629	2	127892810	5	127891427	127894615	3.189	2	127892810	9	127865100	127894098	28.999	2	127892810	127865100	127894615	29515	4	2	NA	NA	NA
rs57891859	Nalls et al. 2019	PD	2	135464616	21	135464616	135486350	21.735	2	135464616	27	135460254	135486350	26.097	2	135464616	0	135464616	135464616	0.001	2	135464616	49	135443940	135486350	42.411	2	135464616	0	135464616	135464616	0.001	2	135464616	0	135464616	135464616	0.001	2	135464616	135443940	135486350	42410	0	2	135443940	135486350	42410
rs1474055	Nalls et al. 2019	PD	2	169110394	11	169091942	169150881	58.94	2	169110394	8	169091942	169133796	41.855	2	169110394	20	169071348	169156907	85.56	2	169110394	45	169071348	169156907	85.56	2	169110394	19	169091942	169166282	74.341	2	169110394	10	169091942	169143035	51.094	2	169110394	169071348	169166282	94934	0	2	169071348	169166282	94934
rs10933431	Jansen et al. 2019	AD	2	233981912	0	233981912	233981912	0.001	2	233981912	0	233981912	233981912	0.001	2	233981912	3	233981912	233984336	2.425	2	233981912	2	233981912	233984336	2.425	2	233981912	11	233976593	233981912	5.32	2	233981912	2	233981912	233984336	2.425	2	233981912	233976593	233984336	7743	0	2	233976593	233984336	7743
rs73038319	Nalls et al. 2019	PD	NA	NA	NA	NA	NA	NA	NA	NA	NA	NA	NA	NA	3	18361759	8	17925185	18450269	525.085	NA	NA	NA	NA	NA	NA	3	18361759	9	18064626	18450269	385.644	NA	NA	NA	NA	NA	NA	3	18361759	17925185	18450269	525084	0	3	17925185	18450269	525084
rs6808178	Nalls et al. 2019	PD	3	28705690	3	28689218	28705690	16.473	3	28705690	3	28689218	28712104	22.887	3	28705690	6	28689218	28712104	22.887	3	28705690	18	28674463	28712104	37.642	3	28705690	17	28687321	28708340	21.02	3	28705690	18	28674463	28712104	37.642	3	28705690	28674463	28712104	37641	0	3	28674463	28712104	37641
rs1768208	Hoglinger et al. 2011	PSP	3	39523003	22	39428005	39536524	108.52	3	39523003	9	39428005	39534481	106.477	3	39523003	52	39428005	39587537	159.533	3	39523003	228	39426537	39587537	161.001	3	39523003	20	39472295	39534742	62.448	3	39523003	41	39428005	39544943	116.939	3	39523003	39426537	39587537	161000	0	3	39426537	39587537	161000
rs12497850	Nalls et al. 2019	PD	3	48748989	74	48689787	49287759	597.973	3	48748989	123	48654938	49287759	632.822	3	48748989	251	48719638	49596593	876.956	3	48748989	279	48719637	49382925	663.289	3	48748989	217	48719638	49368521	648.884	3	48748989	166	48719638	49368521	648.884	3	48748989	48654938	49596593	941655	0	3	48654938	49596593	941655
rs184384746	Jansen et al. 2019	AD	NA	NA	NA	NA	NA	NA	NA	NA	NA	NA	NA	NA	NA	NA	NA	NA	NA	NA	NA	NA	NA	NA	NA	NA	3	57226150	16	56980453	57871654	891.202	NA	NA	NA	NA	NA	NA	3	57226150	56980453	57871654	891201	0	3	56980453	57871654	891201
rs55961674	Nalls et al. 2019	PD	3	122196892	46	122066861	122279049	212.189	3	122196892	45	122066861	122279049	212.189	3	122196892	80	122022958	122289005	266.048	3	122196892	48	122128466	122289005	160.54	3	122196892	77	122060404	122289005	228.602	3	122196892	96	122028476	122289005	260.53	3	122196892	122022958	122289005	266047	0	3	122022958	122289005	266047
rs11707416	Nalls et al. 2019	PD	3	151108965	8	151090424	151132544	42.121	3	151108965	7	150967452	151132544	165.093	3	151108965	56	151090424	151132544	42.121	3	151108965	54	150984941	151132544	147.604	3	151108965	60	151090424	151132544	42.121	3	151108965	41	151090424	151132544	42.121	3	151108965	150967452	151132544	165092	0	3	150967452	151132544	165092
rs1450522	Nalls et al. 2019	PD	3	161077630	25	160812752	161138929	326.178	3	161077630	14	160897771	161138929	241.159	3	161077630	121	160693077	161138929	445.853	3	161077630	160	160693077	161218983	525.907	3	161077630	172	160587563	161139566	552.004	3	161077630	110	160754626	161143111	388.486	3	161077630	160587563	161218983	631420	0	3	160587563	161218983	631420
rs10513789	Nalls et al. 2019	PD	3	182760073	23	182730291	182809594	79.304	3	182760073	21	182730291	182805943	75.653	3	182760073	28	182730291	182805943	75.653	3	182760073	13	182730291	182762437	32.147	3	182760073	66	182653263	182860042	206.78	3	182760073	31	182730291	182805943	75.653	3	182760073	182653263	182860042	206779	0	3	182653263	182860042	206779
rs873786	Nalls et al. 2019	PD	4	925376	2	881327	944210	62.884	NA	NA	NA	NA	NA	NA	4	925376	3	844781	944210	99.43	NA	NA	NA	NA	NA	NA	4	925376	4	816756	944210	127.455	4	925376	8	708132	1002268	294.137	4	925376	708132	1002268	294136	5	4	708132	1002268	294136
rs34311866	Nalls et al. 2019	PD	4	951947	13	843674	991192	147.519	NA	NA	NA	NA	NA	NA	4	951947	16	942439	976598	34.16	4	951947	23	934469	991192	56.724	4	951947	0	951947	951947	0.001	4	951947	15	935571	973036	37.466	4	951947	843674	991192	147518	5	4	NA	NA	NA
rs6448453	Jansen et al. 2019	AD	4	11026028	8	11023243	11040406	17.164	4	11026028	8	11019205	11038456	19.252	4	11026028	24	11019090	11048723	29.634	4	11026028	38	11014822	11047691	32.87	4	11026028	25	11014822	11048723	33.902	4	11026028	17	11014822	11040406	25.585	4	11026028	11014822	11048723	33901	0	4	11014822	11048723	33901
rs7657553	Jansen et al. 2019	AD	4	11723235	31	11630049	11761979	131.931	4	11723235	23	11630049	11760162	130.114	4	11723235	116	11662188	11765217	103.03	4	11723235	118	11630049	11764791	134.743	4	11723235	237	11629882	11764791	134.91	4	11723235	244	11629882	11763909	134.028	4	11723235	11629882	11765217	135335	0	4	11629882	11765217	135335
rs4698412	Nalls et al. 2019	PD	4	15737348	4	15730146	15737882	7.737	4	15737348	4	15730146	15737882	7.737	4	15737348	15	15706790	15743332	36.543	4	15737348	79	15710330	15756270	45.941	4	15737348	19	15685051	15743332	58.282	4	15737348	16	15710330	15743332	33.003	4	15737348	15685051	15756270	71219	0	4	15685051	15756270	71219
rs34025766	Nalls et al. 2019	PD	4	17968811	146	17874089	18035250	161.162	4	17968811	148	17881195	18035250	154.056	4	17968811	272	17788715	18035250	246.536	4	17968811	267	17789325	18035250	245.926	4	17968811	272	17788715	18035250	246.536	4	17968811	263	17789325	18035250	245.926	4	17968811	17788715	18035250	246535	0	4	17788715	18035250	246535
rs6825004	Nalls et al. 2019	PD	4	77110365	20	77034735	77129568	94.834	4	77110365	28	77034735	77129568	94.834	4	77110365	9	77027665	77111032	83.368	4	77110365	61	77001426	77117574	116.149	4	77110365	10	77027665	77111032	83.368	4	77110365	42	77015665	77114936	99.272	4	77110365	77001426	77129568	128142	0	4	77001426	77129568	128142
rs4101061	Nalls et al. 2019	PD	4	77147969	10	77147969	77176768	28.8	4	77147969	8	77147969	77152816	4.848	4	77147969	58	77144682	77176897	32.216	4	77147969	53	77144682	77182033	37.352	4	77147969	18	77144682	77173914	29.233	4	77147969	12	77144682	77155591	10.91	4	77147969	77144682	77182033	37351	6	4	77144682	77219402	74720
rs6854006	Nalls et al. 2019	PD	4	77198054	11	77196677	77199913	3.237	4	77198054	11	77196677	77199913	3.237	4	77198054	32	77183300	77202019	18.72	4	77198054	21	77155742	77211104	55.363	4	77198054	17	77196677	77217812	21.136	4	77198054	51	77183300	77219402	36.103	4	77198054	77155742	77219402	63660	6	4	NA	NA	NA
rs356182	Nalls et al. 2019	PD	4	90626111	0	90626111	90626111	0.001	4	90626111	0	90626111	90626111	0.001	4	90626111	10	90626098	90711770	85.673	4	90626111	0	90626111	90626111	0.001	4	90626111	51	90606597	90757948	151.352	4	90626111	6	90626098	90666041	39.944	4	90626111	90606597	90757948	151351	7	4	90606597	90808918	202321
rs5019538	Nalls et al. 2019	PD	4	90636630	33	90630801	90669014	38.214	4	90636630	98	90628989	90759637	130.649	4	90636630	143	90628127	90808918	180.792	NA	NA	NA	NA	NA	NA	4	90636630	150	90626111	90808918	182.808	4	90636630	141	90628127	90808918	180.792	4	90636630	90626111	90808918	182807	7	4	NA	NA	NA
rs13117519	Nalls et al. 2019	PD	4	114369065	5	114369065	114401370	32.306	4	114369065	7	114345040	114438352	93.313	4	114369065	28	114343869	114449719	105.851	4	114369065	60	114334543	114463739	129.197	4	114369065	35	114343869	114456506	112.638	4	114369065	34	114359899	114458402	98.504	4	114369065	114334543	114463739	129196	0	4	114334543	114463739	129196
rs62333164	Nalls et al. 2019	PD	4	170583157	49	170545431	170645523	100.093	4	170583157	52	170545431	170645523	100.093	4	170583157	63	170292992	170645539	352.548	4	170583157	56	170303820	170645539	341.72	4	170583157	172	170238390	170645539	407.15	4	170583157	114	170292992	170646003	353.012	4	170583157	170238390	170646003	407613	0	4	170238390	170646003	407613
rs71618613	Kunkle et al. 2019	AD	NA	NA	NA	NA	NA	NA	NA	NA	NA	NA	NA	NA	5	29005985	6	28782903	29205785	422.883	NA	NA	NA	NA	NA	NA	5	29005985	6	28782903	29205785	422.883	NA	NA	NA	NA	NA	NA	5	29005985	28782903	29205785	422882	0	5	28782903	29205785	422882
rs35868327	Kunkle et al. 2019	AD	5	52665230	3	52665229	52665232	0.004	5	52665230	12	52663760	52830110	166.351	5	52665230	14	52665229	52762217	96.989	NA	NA	NA	NA	NA	NA	5	52665230	26	52665229	52795830	130.602	NA	NA	NA	NA	NA	NA	5	52665230	52663760	52830110	166350	0	5	52663760	52830110	166350
rs1867598	Nalls et al. 2019	PD	5	60137959	55	60134856	60474581	339.726	5	60137959	129	60134856	60524585	389.73	5	60137959	80	60072477	60493944	421.468	5	60137959	269	60072477	60581265	508.789	5	60137959	135	59855012	60493944	638.933	5	60137959	95	60011522	60493944	482.423	5	60137959	59855012	60581265	726253	0	5	59855012	60581265	726253
rs190982	Kunkle et al. 2019	AD	5	88223420	0	88223420	88223420	0.001	5	88223420	0	88223420	88223420	0.001	5	88223420	0	88223420	88223420	0.001	5	88223420	0	88223420	88223420	0.001	5	88223420	2	88215594	88223420	7.827	5	88223420	2	88215594	88223420	7.827	5	88223420	88215594	88223420	7826	0	5	88215594	88223420	7826
rs26431	Nalls et al. 2019	PD	5	102365794	209	102306061	102558044	251.984	5	102365794	194	102306061	102558044	251.984	5	102365794	382	102241341	102590943	349.603	5	102365794	362	102241341	102558044	316.704	5	102365794	393	102241341	102642673	401.333	5	102365794	345	102287496	102642673	355.178	5	102365794	102241341	102642673	401332	0	5	102241341	102642673	401332
rs11950533	Nalls et al. 2019	PD	5	134199105	13	134076812	134199105	122.294	5	134199105	8	134103063	134199105	96.043	5	134199105	76	133874020	134309116	435.097	5	134199105	55	133921811	134315853	394.043	5	134199105	71	133887780	134309116	421.337	5	134199105	68	133907554	134315853	408.3	5	134199105	133874020	134315853	441833	0	5	133874020	134315853	441833
rs10463311	Nicolas et al. 2018	ALS	5	150410835	0	150410835	150410835	0.001	5	150410835	0	150410835	150410835	0.001	5	150410835	11	150401796	150415338	13.543	5	150410835	16	150401296	150428157	26.862	5	150410835	22	150401796	150428195	26.4	5	150410835	10	150401796	150415338	13.543	5	150410835	150401296	150428195	26899	0	5	150401296	150428195	26899
rs4140646	Nalls et al. 2019	PD	6	27738801	19	27719764	27809159	89.396	6	27738801	20	27719764	27866823	147.06	6	27738801	275	27498217	28173957	675.741	6	27738801	118	27545744	27859453	313.71	6	27738801	323	27021173	28147987	1126.82	6	27738801	96	27675290	27813813	138.524	6	27738801	27021173	28173957	1152784	0	6	27021173	28173957	1152784
rs9261484	Nalls et al. 2019	PD	6	30108683	120	30090820	30121460	30.641	6	30108683	115	30079307	30122393	43.087	6	30108683	150	30075903	30220739	144.837	6	30108683	210	30075903	30220739	144.837	6	30108683	180	29802532	30315011	512.48	6	30108683	65	30077229	30203659	126.431	6	30108683	29802532	30315011	512479	0	6	29802532	30315011	512479
rs1980493	Ferrari et al. 2014	FTD and subtypes	6	32363215	25	32266343	32386704	120.362	6	32363215	32	32178570	32386704	208.135	6	32363215	6	32356201	32375796	19.596	6	32363215	10	32356201	32380830	24.63	6	32363215	216	31596138	32667595	1071.46	6	32363215	36	32266343	32668978	402.636	6	32363215	31596138	32668978	1072840	8	6	31596138	32685550	1089412
rs9268856	Ferrari et al. 2014	FTD and subtypes	6	32429719	150	32428804	32501658	72.855	6	32429719	168	32411833	32451888	40.056	6	32429719	217	32410941	32556186	145.246	6	32429719	181	32410137	32452142	42.006	6	32429719	208	32340176	32556186	216.011	6	32429719	224	32370522	32452707	82.186	6	32429719	32340176	32556186	216010	8	6	NA	NA	NA
rs9268877	Ferrari et al. 2014	FTD and subtypes	6	32431147	107	32428186	32452517	24.332	6	32431147	112	32428186	32452517	24.332	6	32431147	107	32428186	32452517	24.332	6	32431147	119	32428186	32604050	175.865	6	32431147	125	32428186	32580366	152.181	6	32431147	112	32428186	32452176	23.991	6	32431147	32428186	32604050	175864	8	6	NA	NA	NA
rs9271058	Kunkle et al. 2019	AD	6	32575406	1930	32453558	32590331	136.774	6	32575406	2173	32378701	32661798	283.098	6	32575406	1015	32487427	32622063	134.637	6	32575406	2161	32389255	32605558	216.304	6	32575406	1106	32395036	32636434	241.399	6	32575406	2260	32389255	32672734	283.48	6	32575406	32378701	32672734	294033	8	6	NA	NA	NA
rs112485576	Nalls et al. 2019	PD	6	32578772	159	32384801	32652880	268.08	6	32578772	92	32396930	32626196	229.267	6	32578772	259	32345891	32682137	336.247	6	32578772	110	32219320	32682137	462.818	6	32578772	311	32219320	32682429	463.11	6	32578772	254	32257284	32685550	428.267	6	32578772	32219320	32685550	466230	8	6	NA	NA	NA
rs6931277	Jansen et al. 2019	AD	6	32583357	224	32384801	32682019	297.219	6	32583357	87	32396930	32626196	229.267	6	32583357	286	32387809	32682137	294.329	6	32583357	219	32455718	32673714	217.997	6	32583357	319	32219320	32682429	463.11	6	32583357	254	32455718	32682429	226.712	6	32583357	32219320	32682429	463109	8	6	NA	NA	NA
rs187370608	Jansen et al. 2019	AD	NA	NA	NA	NA	NA	NA	NA	NA	NA	NA	NA	NA	NA	NA	NA	NA	NA	NA	NA	NA	NA	NA	NA	NA	6	40942196	3	40904030	41129252	225.223	NA	NA	NA	NA	NA	NA	6	40942196	40904030	41129252	225222	9	6	40904030	41129252	225222
rs114812713	Kunkle et al. 2019	AD	NA	NA	NA	NA	NA	NA	NA	NA	NA	NA	NA	NA	6	41034000	0	41034000	41034000	0.001	NA	NA	NA	NA	NA	NA	6	41034000	1	40921531	41034000	112.47	NA	NA	NA	NA	NA	NA	6	41034000	40921531	41034000	112469	9	6	NA	NA	NA
rs75932628	Kunkle et al. 2019	AD	NA	NA	NA	NA	NA	NA	NA	NA	NA	NA	NA	NA	6	41129252	0	41129252	41129252	0.001	NA	NA	NA	NA	NA	NA	6	41129252	3	40904030	41129252	225.223	NA	NA	NA	NA	NA	NA	6	41129252	40904030	41129252	225222	9	6	NA	NA	NA
rs9473117	Kunkle et al. 2019	AD	6	47431284	28	47427281	47554468	127.188	6	47431284	28	47427281	47554468	127.188	6	47431284	90	47412916	47621579	208.664	6	47431284	93	47403638	47633098	229.461	6	47431284	95	47403638	47628558	224.921	6	47431284	88	47403638	47609592	205.955	6	47431284	47403638	47633098	229460	10	6	47403638	47633098	229460
rs9381563	Jansen et al. 2019	AD	6	47432637	0	47432637	47432637	0.001	6	47432637	3	47411166	47432637	21.472	6	47432637	80	47427281	47595155	167.875	6	47432637	6	47427281	47595155	167.875	6	47432637	84	47427281	47595155	167.875	6	47432637	1	47432637	47595155	162.519	6	47432637	47411166	47595155	183989	10	6	NA	NA	NA
rs12528068	Nalls et al. 2019	PD	6	72487762	15	72485028	72490916	5.889	6	72487762	17	72485028	72497090	12.063	6	72487762	58	72462260	72565962	103.703	6	72487762	53	72461651	72530025	68.375	6	72487762	13	72479263	72513915	34.653	6	72487762	21	72479263	72514016	34.754	6	72487762	72461651	72565962	104311	0	6	72461651	72565962	104311
rs997368	Nalls et al. 2019	PD	6	112243291	45	112208191	112296141	87.951	6	112243291	38	112208191	112285867	77.677	6	112243291	101	112110528	112272805	162.278	6	112243291	102	112179221	112273151	93.931	6	112243291	80	112110528	112251458	140.931	6	112243291	70	112161786	112273860	112.075	6	112243291	112110528	112296141	185613	0	6	112110528	112296141	185613
rs75859381	Nalls et al. 2019	PD	NA	NA	NA	NA	NA	NA	NA	NA	NA	NA	NA	NA	6	133210361	4	133118216	133222533	104.318	6	133210361	2	133118216	133212446	94.231	6	133210361	7	133094768	133361011	266.244	6	133210361	2	133118216	133212446	94.231	6	133210361	133094768	133361011	266243	0	6	133094768	133361011	266243
rs199351	Nalls et al. 2019	PD	7	23300049	47	23115966	23401955	285.99	7	23300049	17	23260251	23390467	130.217	7	23300049	247	23113503	23407240	293.738	7	23300049	29	23193271	23390467	197.197	7	23300049	258	23110731	23407240	296.51	7	23300049	61	23194605	23401955	207.351	7	23300049	23110731	23407240	296509	0	7	23110731	23407240	296509
rs4723711	Kunkle et al. 2019	AD	7	37844263	14	37800529	37851730	51.202	7	37844263	12	37800529	37859213	58.685	7	37844263	20	37758187	37892878	134.692	7	37844263	39	37792902	37872762	79.861	7	37844263	100	37665849	37889471	223.623	7	37844263	50	37752467	37872762	120.296	7	37844263	37665849	37892878	227029	0	7	37665849	37892878	227029
rs76949143	Nalls et al. 2019	PD	7	66009851	0	66009851	66009851	0.001	7	66009851	0	66009851	66009851	0.001	7	66009851	440	65059071	66434352	1375.28	7	66009851	409	65050642	66445070	1394.43	7	66009851	815	65014953	66755654	1740.7	7	66009851	483	65425517	66434352	1008.84	7	66009851	65014953	66755654	1740701	0	7	65014953	66755654	1740701
rs1859788	Jansen et al. 2019	AD	7	99971834	29	99770456	100190116	419.661	7	99971834	31	99770456	100190116	419.661	7	99971834	97	99765628	100190116	424.489	7	99971834	98	99759205	100042413	283.209	7	99971834	13	99840461	100091795	251.335	7	99971834	116	99608029	100091795	483.767	7	99971834	99608029	100190116	582087	11	7	99550241	100190116	639875
rs12539172	Kunkle et al. 2019	AD	7	100091795	31	99550241	100190116	639.876	7	100091795	34	99550241	100190116	639.876	7	100091795	4	99984089	100091795	107.707	7	100091795	8	99815832	100091795	275.964	7	100091795	13	99932049	100190116	258.068	7	100091795	82	99770456	100190116	419.661	7	100091795	99550241	100190116	639875	11	7	NA	NA	NA
rs10808026	Kunkle et al. 2019	AD	7	143099133	3	143099107	143109139	10.033	7	143099133	4	143086832	143109139	22.308	7	143099133	5	143099107	143109139	10.033	7	143099133	12	143082027	143109208	27.182	7	143099133	7	143099107	143109208	10.102	7	143099133	7	143092664	143109208	16.545	7	143099133	143082027	143109208	27181	12	7	143081833	143125808	43975
rs7810606	Jansen et al. 2019	AD	7	143108158	1	143107588	143108158	0.571	7	143108158	2	143106884	143108158	1.275	7	143108158	3	143095256	143108158	12.903	7	143108158	10	143081833	143108158	26.326	7	143108158	3	143101984	143108158	6.175	7	143108158	11	143101984	143125808	23.825	7	143108158	143081833	143125808	43975	12	7	NA	NA	NA
rs114360492	Jansen et al. 2019	AD	7	145950029	13	145949812	146047392	97.581	7	145950029	19	145797889	146047392	249.504	7	145950029	18	145797889	146794279	996.391	NA	NA	NA	NA	NA	NA	NA	NA	NA	NA	NA	NA	NA	NA	NA	NA	NA	NA	7	145950029	145797889	146794279	996390	0	7	145797889	146794279	996390
rs1293298	Nalls et al. 2019	PD	8	11712443	1	11712443	11712856	0.414	8	11712443	2	11712443	11713474	1.032	8	11712443	46	11673985	11712639	38.655	NA	NA	NA	NA	NA	NA	8	11712443	46	11673985	11712639	38.655	8	11712443	52	11673985	11740727	66.743	8	11712443	11673985	11740727	66742	0	8	11673985	11740727	66742
rs620513	Nalls et al. 2019	PD	8	16697593	23	16696291	16710232	13.942	8	16697593	34	16696291	16713991	17.701	8	16697593	38	16695418	16732622	37.205	8	16697593	62	16695418	16724432	29.015	8	16697593	52	16695418	16739127	43.71	8	16697593	63	16695418	16739127	43.71	8	16697593	16695418	16739127	43709	0	8	16695418	16739127	43709
rs2280104	Nalls et al. 2019	PD	8	22525980	21	22451116	22542962	91.847	8	22525980	18	22446606	22529695	83.09	8	22525980	88	22449484	22542962	93.479	8	22525980	72	22449484	22542962	93.479	8	22525980	87	22449484	22542962	93.479	8	22525980	84	22449484	22542962	93.479	8	22525980	22446606	22542962	96356	0	8	22446606	22542962	96356
rs73223431	Kunkle et al. 2019	AD	8	27219987	4	27184695	27259933	75.239	8	27219987	4	27184695	27259933	75.239	8	27219987	40	27195121	27286611	91.491	8	27219987	71	27192236	27303015	110.78	8	27219987	18	27195121	27232018	36.898	8	27219987	116	27195121	27303015	107.895	8	27219987	27184695	27303015	118320	0	8	27184695	27303015	118320
rs4236673	Jansen et al. 2019	AD	8	27464929	4	27456253	27467821	11.569	8	27464929	3	27456253	27467821	11.569	8	27464929	10	27456253	27468503	12.251	8	27464929	12	27456253	27468503	12.251	8	27464929	10	27456253	27468503	12.251	8	27464929	12	27456253	27468503	12.251	8	27464929	27456253	27468503	12250	13	8	27456253	27468503	12250
rs9331896	Kunkle et al. 2019	AD	8	27467686	3	27464519	27467686	3.168	8	27467686	3	27464519	27467686	3.168	8	27467686	10	27456253	27468503	12.251	8	27467686	12	27456253	27468503	12.251	8	27467686	10	27456253	27468503	12.251	8	27467686	12	27456253	27468503	12.251	8	27467686	27456253	27468503	12250	13	8	NA	NA	NA
rs4735340	Kunkle et al. 2019	AD	8	95976251	65	95960855	95992473	31.619	8	95976251	67	95960511	95992473	31.963	8	95976251	93	95911477	96054000	142.524	8	95976251	189	95816132	96073633	257.502	8	95976251	111	95831273	96050557	219.285	8	95976251	125	95816132	96065878	249.747	8	95976251	95816132	96073633	257501	0	8	95816132	96073633	257501
rs2086641	Nalls et al. 2019	PD	8	130901909	68	130821227	130953519	132.293	8	130901909	25	130847866	130966520	118.655	8	130901909	10	130855070	130953519	98.45	8	130901909	55	130853447	130947655	94.209	8	130901909	13	130846083	130953519	107.437	8	130901909	56	130853447	130976074	122.628	8	130901909	130821227	130976074	154847	0	8	130821227	130976074	154847
rs13294100	Nalls et al. 2019	PD	9	17579690	0	17579690	17579690	0.001	9	17579690	0	17579690	17579690	0.001	9	17579690	13	17569341	17584274	14.934	9	17579690	39	17569341	17603859	34.519	9	17579690	14	17569341	17586101	16.761	9	17579690	13	17569341	17584274	14.934	9	17579690	17569341	17603859	34518	0	9	17569341	17603859	34518
rs10756907	Nalls et al. 2019	PD	9	17727065	19	17697095	17734640	37.546	9	17727065	20	17613587	17886320	272.734	9	17727065	38	17658670	17735707	77.038	9	17727065	40	17658670	17736342	77.673	9	17727065	65	17630427	17759497	129.071	9	17727065	27	17684784	17735083	50.3	9	17727065	17613587	17886320	272733	0	9	17613587	17886320	272733
rs3849943	Nicolas et al. 2018	ALS	9	27543382	41	27484371	27563868	79.498	9	27543382	16	27505639	27563868	58.23	9	27543382	26	27489693	27583128	93.436	9	27543382	24	27538948	27593984	55.037	9	27543382	79	27484371	27578647	94.277	9	27543382	26	27489693	27583128	93.436	9	27543382	27484371	27593984	109613	0	9	27484371	27593984	109613
rs6476434	Nalls et al. 2019	PD	9	34046391	167	33766536	34053815	287.28	9	34046391	167	33766536	34082968	316.433	9	34046391	230	33739700	34141756	402.057	9	34046391	259	33731379	34071144	339.766	9	34046391	293	33664300	34149998	485.699	9	34046391	304	33664300	34141756	477.457	9	34046391	33664300	34149998	485698	0	9	33664300	34149998	485698
rs382940	Iwaki et al. 2019	PD progression	9	108058562	58	107986092	108072519	86.428	9	108058562	31	108000226	108070151	69.926	9	108058562	184	107973145	108072519	99.375	9	108058562	208	107972485	108083485	111.001	9	108058562	151	107985093	108072519	87.427	9	108058562	153	107985093	108077553	92.461	9	108058562	107972485	108083485	111000	0	9	107972485	108083485	111000
rs11257238	Jansen et al. 2019	AD	10	11717397	9	11703491	11723257	19.767	10	11717397	8	11707915	11723257	15.343	10	11717397	15	11680543	11723257	42.715	10	11717397	15	11703491	11723537	20.047	10	11717397	10	11703491	11723257	19.767	10	11717397	10	11703491	11723257	19.767	10	11717397	11680543	11723537	42994	14	10	11680543	11723537	42994
rs7920721	Kunkle et al. 2019	AD	10	11720308	8	11707915	11723257	15.343	10	11720308	7	11714507	11723257	8.751	10	11720308	14	11703491	11723257	19.767	10	11720308	15	11703491	11723537	20.047	10	11720308	10	11703491	11723257	19.767	10	11720308	10	11703491	11723257	19.767	10	11720308	11703491	11723537	20046	14	10	NA	NA	NA
rs896435	Nalls et al. 2019	PD	10	15557406	69	15538218	15631486	93.269	10	15557406	65	15549548	15608805	59.258	10	15557406	156	15537519	15609187	71.669	10	15557406	74	15549548	15605766	56.219	10	15557406	155	15537958	15608805	70.848	10	15557406	76	15538218	15608547	70.33	10	15557406	15537519	15631486	93967	0	10	15537519	15631486	93967
rs10748818	Nalls et al. 2019	PD	10	104015279	12	103931931	104132535	200.605	10	104015279	8	103933425	104124718	191.294	10	104015279	33	103931931	104210735	278.805	10	104015279	42	103931931	104210735	278.805	10	104015279	33	103931931	104199573	267.643	10	104015279	35	103931931	104170204	238.274	10	104015279	103931931	104210735	278804	0	10	103931931	104210735	278804
rs61863020	Iwaki et al. 2019	PD progression	10	112956055	8	112945481	112960422	14.942	10	112956055	0	112956055	112956055	0.001	10	112956055	32	112926652	112967078	40.427	10	112956055	15	112929753	112960963	31.211	10	112956055	14	112929753	112960963	31.211	10	112956055	9	112945481	112960963	15.483	10	112956055	112926652	112967078	40426	0	10	112926652	112967078	40426
rs72840788	Nalls et al. 2019	PD	10	121415685	7	121415685	121438212	22.528	NA	NA	NA	NA	NA	NA	10	121415685	8	121415685	121440694	25.01	10	121415685	1	121415685	121736514	320.83	10	121415685	9	121415685	121438212	22.528	10	121415685	63	121415685	121703755	288.071	10	121415685	121415685	121736514	320829	15	10	121351630	121736514	384884
rs117896735	Nalls et al. 2019	PD	NA	NA	NA	NA	NA	NA	NA	NA	NA	NA	NA	NA	NA	NA	NA	NA	NA	NA	NA	NA	NA	NA	NA	NA	10	121536327	4	121351630	121710488	358.859	10	121536327	2	121536327	121710488	174.162	10	121536327	121351630	121710488	358858	15	10	NA	NA	NA
rs7938782	Nalls et al. 2019	PD	11	10558777	17	10533056	10559783	26.728	11	10558777	17	10533056	10559783	26.728	11	10558777	23	10525919	10559783	33.865	11	10558777	28	10520575	10559783	39.209	11	10558777	23	10525919	10559783	33.865	11	10558777	33	10520036	10576815	56.78	11	10558777	10520036	10576815	56779	0	11	10520036	10576815	56779
rs3740688	Kunkle et al. 2019	AD	11	47380340	39	47374998	47466006	91.009	11	47380340	44	47374998	47466790	91.793	11	47380340	107	47372377	47723512	351.136	11	47380340	202	47290984	47902883	611.9	11	47380340	104	47372377	47466790	94.414	11	47380340	173	47365199	47915299	550.101	11	47380340	47290984	47915299	624315	0	11	47290984	47915299	624315
rs7933202	Kunkle et al. 2019	AD	11	59936926	22	59859576	60021948	162.373	11	59936926	6	59859576	59936926	77.351	11	59936926	124	59856028	59968741	112.714	11	59936926	8	59859576	59952316	92.741	11	59936926	187	59856028	60099912	243.885	11	59936926	176	59856028	60041296	185.269	11	59936926	59856028	60099912	243884	16	11	59840813	60099912	259099
rs2081545	Jansen et al. 2019	AD	11	59958380	78	59867379	60033448	166.07	11	59958380	44	59932579	60008151	75.573	11	59958380	138	59856028	60001325	145.298	11	59958380	120	59840813	60026613	185.801	11	59958380	180	59856028	60088159	232.132	11	59958380	178	59856028	60041296	185.269	11	59958380	59840813	60088159	247346	16	11	NA	NA	NA
rs12283611	Nalls et al. 2019	PD	11	83487277	6	83484658	83489888	5.231	11	83487277	13	83481941	83489888	7.948	11	83487277	40	83487152	83542182	55.031	11	83487277	16	83487152	83497228	10.077	11	83487277	39	83487152	83544472	57.321	11	83487277	36	83487152	83544472	57.321	11	83487277	83481941	83544472	62531	0	11	83481941	83544472	62531
rs867611	Jansen et al. 2019	AD	11	85776544	79	85655105	85867875	212.771	11	85776544	81	85655105	85867875	212.771	11	85776544	144	85652251	85871184	218.934	11	85776544	207	85653256	85871184	217.929	11	85776544	120	85655105	85868640	213.536	11	85776544	145	85634734	85871184	236.451	11	85776544	85634734	85871184	236450	17	11	85634734	85871184	236450
rs3851179	Kunkle et al. 2019	AD	11	85868640	14	85809825	85868640	58.816	11	85868640	86	85652251	85871184	218.934	11	85868640	128	85655105	85871184	216.08	11	85868640	176	85653256	85871184	217.929	11	85868640	54	85670945	85868640	197.696	11	85868640	111	85657759	85871184	213.426	11	85868640	85652251	85871184	218933	17	11	NA	NA	NA
rs302668	Ferrari et al. 2014	FTD and subtypes	11	87876911	17	87856826	87936024	79.199	11	87876911	16	87856826	87936024	79.199	11	87876911	20	87865942	87936024	70.083	11	87876911	20	87860095	87928710	68.616	11	87876911	41	87856826	87936024	79.199	11	87876911	15	87865942	87936024	70.083	11	87876911	87856826	87936024	79198	18	11	87828768	87936874	108106
rs302652	Ferrari et al. 2014	FTD and subtypes	11	87894831	16	87860095	87936024	75.93	11	87894831	17	87856826	87936024	79.199	11	87894831	22	87865942	87936024	70.083	11	87894831	2	87879627	87936024	56.398	11	87894831	16	87865942	87936024	70.083	11	87894831	14	87865942	87936024	70.083	11	87894831	87856826	87936024	79198	18	11	NA	NA	NA
rs16913634	Ferrari et al. 2014	FTD and subtypes	11	87934068	33	87871538	87934579	63.042	11	87934068	25	87871776	87934579	62.804	11	87934068	41	87828768	87935110	106.343	NA	NA	NA	NA	NA	NA	11	87934068	54	87828768	87935110	106.343	11	87934068	47	87828768	87935110	106.343	11	87934068	87828768	87935110	106342	18	11	NA	NA	NA
rs74977128	Ferrari et al. 2014	FTD and subtypes	11	87936874	0	87936874	87936874	0.001	11	87936874	0	87936874	87936874	0.001	11	87936874	0	87936874	87936874	0.001	NA	NA	NA	NA	NA	NA	11	87936874	1	87897704	87936874	39.171	11	87936874	2	87872076	87936874	64.799	11	87936874	87872076	87936874	64798	18	11	NA	NA	NA
rs11218343	Jansen et al. 2019	AD	11	121435587	9	121423640	121453517	29.878	11	121435587	9	121423640	121453517	29.878	11	121435587	14	121433926	121477816	43.891	11	121435587	34	121423552	121489416	65.865	11	121435587	10	121433926	121456061	22.136	11	121435587	5	121433926	121446218	12.293	11	121435587	121423552	121489416	65864	0	11	121423552	121489416	65864
rs3802920	Nalls et al. 2019	PD	11	133787001	5	133773691	133787717	14.027	11	133787001	6	133783662	133790173	6.512	11	133787001	14	133772838	133814468	41.631	11	133787001	12	133747772	133796676	48.905	11	133787001	14	133707509	133820022	112.514	11	133787001	15	133725046	133796676	71.631	11	133787001	133707509	133820022	112513	0	11	133707509	133820022	112513
rs76904798	Nalls et al. 2019	PD	12	40614434	63	40499639	40718000	218.362	12	40614434	76	40388549	40694018	305.47	12	40614434	377	40320875	40828306	507.432	12	40614434	73	40457624	40629747	172.124	12	40614434	34	40610864	40728428	117.565	12	40614434	23	40582993	40751527	168.535	12	40614434	40320875	40828306	507431	0	12	40320875	40828306	507431
rs7295246	Kunkle et al. 2019	AD	12	43967677	57	43847941	43980535	132.595	12	43967677	24	43939623	43980535	40.913	12	43967677	21	43889748	43981279	91.532	12	43967677	29	43814587	43981279	166.693	12	43967677	35	43872553	43981279	108.727	12	43967677	28	43933889	43980535	46.647	12	43967677	43814587	43981279	166692	0	12	43814587	43981279	166692
rs7134559	Nalls et al. 2019	PD	12	46419086	66	46086071	46444609	358.539	12	46419086	57	46110108	46512078	401.971	12	46419086	112	46124413	46454899	330.487	12	46419086	141	46101115	46456173	355.059	12	46419086	126	46124413	46454899	330.487	12	46419086	18	46408071	46444609	36.539	12	46419086	46086071	46512078	426007	0	12	46086071	46512078	426007
rs117027576	Nicolas et al. 2018	ALS	NA	NA	NA	NA	NA	NA	NA	NA	NA	NA	NA	NA	12	57316603	12	56940862	58139729	1198.87	NA	NA	NA	NA	NA	NA	12	57316603	7	57222611	57482813	260.203	NA	NA	NA	NA	NA	NA	12	57316603	56940862	58139729	1198867	19	12	56940862	59107046	2166184
rs118082508	Nicolas et al. 2018	ALS	NA	NA	NA	NA	NA	NA	NA	NA	NA	NA	NA	NA	12	57318819	12	56940862	58139729	1198.87	NA	NA	NA	NA	NA	NA	12	57318819	7	57222611	57482813	260.203	NA	NA	NA	NA	NA	NA	12	57318819	56940862	58139729	1198867	19	12	NA	NA	NA
rs113247976	Nicolas et al. 2018	ALS	NA	NA	NA	NA	NA	NA	NA	NA	NA	NA	NA	NA	12	57975700	6	57316603	58676132	1359.53	NA	NA	NA	NA	NA	NA	12	57975700	0	57975700	57975700	0.001	NA	NA	NA	NA	NA	NA	12	57975700	57316603	58676132	1359529	19	12	NA	NA	NA
rs116900480	Nicolas et al. 2018	ALS	12	58656105	5	58077416	58942586	865.171	NA	NA	NA	NA	NA	NA	12	58656105	4	57975700	58676132	700.433	NA	NA	NA	NA	NA	NA	12	58656105	2	58656105	59107046	450.942	NA	NA	NA	NA	NA	NA	12	58656105	57975700	59107046	1131346	19	12	NA	NA	NA
rs142321490	Nicolas et al. 2018	ALS	NA	NA	NA	NA	NA	NA	NA	NA	NA	NA	NA	NA	12	58676132	4	57975700	58676132	700.433	NA	NA	NA	NA	NA	NA	12	58676132	1	58656105	58676132	20.028	NA	NA	NA	NA	NA	NA	12	58676132	57975700	58676132	700432	19	12	NA	NA	NA
rs74654358	Nicolas et al. 2018	ALS	NA	NA	NA	NA	NA	NA	NA	NA	NA	NA	NA	NA	12	64881967	12	64745560	65365482	619.923	NA	NA	NA	NA	NA	NA	12	64881967	5	64757407	64881967	124.561	12	64881967	5	64622420	64881967	259.548	12	64881967	64622420	65365482	743062	0	12	64622420	65365482	743062
rs10847864	Nalls et al. 2019	PD	12	123326598	1	123322560	123326598	4.039	12	123326598	1	123326598	123354002	27.405	12	123326598	3	123296294	123326598	30.305	12	123326598	4	123236499	123326598	90.1	12	123326598	3	123296294	123326598	30.305	12	123326598	2	123296294	123326598	30.305	12	123326598	123236499	123354002	117503	0	12	123236499	123354002	117503
rs11610045	Nalls et al. 2019	PD	12	133063768	1	133058157	133063768	5.612	12	133063768	1	133063768	133069698	5.931	12	133063768	73	133053029	133151607	98.579	12	133063768	79	133049093	133142935	93.843	12	133063768	11	133058157	133142118	83.962	12	133063768	19	133058157	133142118	83.962	12	133063768	133049093	133151607	102514	0	12	133049093	133151607	102514
rs9568188	Nalls et al. 2019	PD	13	49927732	4	49918965	49936877	17.913	13	49927732	4	49918965	49936877	17.913	13	49927732	4	49915391	49939903	24.513	13	49927732	11	49901720	49943607	41.888	13	49927732	5	49915391	49982096	66.706	13	49927732	3	49925365	49936877	11.513	13	49927732	49901720	49982096	80376	0	13	49901720	49982096	80376
rs4771268	Nalls et al. 2019	PD	13	97865021	15	97765461	97911563	146.103	13	97865021	15	97765461	97903739	138.279	13	97865021	9	97768474	97865021	96.548	13	97865021	17	97768474	97903739	135.266	13	97865021	15	97768474	97911563	143.09	13	97865021	17	97768474	97911563	143.09	13	97865021	97765461	97911563	146102	0	13	97765461	97911563	146102
rs12147950	Nalls et al. 2019	PD	14	37989270	12	37944503	38029758	85.256	14	37989270	14	37944503	38040755	96.253	14	37989270	54	37723236	38040755	317.52	14	37989270	141	37575033	38005841	430.809	14	37989270	129	37721524	38073877	352.354	14	37989270	176	37721524	38073877	352.354	14	37989270	37575033	38073877	498844	0	14	37575033	38073877	498844
rs17125924	Kunkle et al. 2019	AD	14	53391680	9	53305626	53399868	94.243	14	53391680	11	53312002	53425385	113.384	14	53391680	96	53293307	53453877	160.571	14	53391680	111	53297008	53424096	127.089	14	53391680	110	53174981	53462216	287.236	14	53391680	83	53304751	53424096	119.346	14	53391680	53174981	53462216	287235	0	14	53174981	53462216	287235
rs11158026	Nalls et al. 2019	PD	14	55348869	92	55255673	55484210	228.538	14	55348869	93	55235767	55484210	248.444	14	55348869	50	55285588	55400528	114.941	14	55348869	55	55323450	55353788	30.339	14	55348869	114	55335062	55485150	150.089	14	55348869	79	55281360	55484210	202.851	14	55348869	55235767	55485150	249383	0	14	55235767	55485150	249383
rs3742785	Nalls et al. 2019	PD	14	75373034	31	75342954	75390135	47.182	14	75373034	34	75332274	75390135	57.862	14	75373034	82	75114321	75410523	296.203	14	75373034	141	75114321	75400622	286.302	14	75373034	143	75114321	75410523	296.203	14	75373034	140	75114321	75402014	287.694	14	75373034	75114321	75410523	296202	0	14	75114321	75410523	296202
rs979812	Nalls et al. 2019	PD	14	88464264	15	88438448	88487570	49.123	14	88464264	12	88444882	88475921	31.04	14	88464264	55	88391116	88489630	98.515	14	88464264	55	88368738	88552087	183.35	14	88464264	76	88372294	88529064	156.771	14	88464264	96	88391116	88587120	196.005	14	88464264	88368738	88587120	218382	0	14	88368738	88587120	218382
rs12881735	Kunkle et al. 2019	AD	14	92932828	5	92926952	92938382	11.431	14	92932828	5	92926952	92938382	11.431	14	92932828	9	92919715	92964873	45.159	14	92932828	4	92926952	92957176	30.225	14	92932828	6	92926952	92957176	30.225	14	92932828	4	92926952	92957176	30.225	14	92932828	92919715	92964873	45158	20	14	92919715	92964873	45158
rs12590654	Jansen et al. 2019	AD	14	92938855	23	92934924	92938855	3.932	14	92938855	24	92934924	92938998	4.075	14	92938855	3	92935280	92939076	3.797	14	92938855	4	92938553	92939076	0.524	14	92938855	4	92926952	92939076	12.125	14	92938855	1	92938855	92939076	0.222	14	92938855	92926952	92939076	12124	20	14	NA	NA	NA
rs1426210	Guerriero et al. 2018	DLB	15	26840998	10	26798199	26876249	78.051	15	26840998	12	26798199	26876249	78.051	15	26840998	16	26832891	26876249	43.359	15	26840998	94	26770557	26885461	114.905	15	26840998	34	26832891	26876249	43.359	15	26840998	36	26832891	26876249	43.359	15	26840998	26770557	26885461	114904	0	15	26770557	26885461	114904
rs10467994	Kunkle et al. 2019	AD	15	51008687	24	50991409	51049349	57.941	15	51008687	26	50991409	51054259	62.851	15	51008687	160	50800095	51058629	258.535	15	51008687	383	50717068	51375438	658.371	15	51008687	77	50800095	51058629	258.535	15	51008687	84	50802267	51127841	325.575	15	51008687	50717068	51375438	658370	0	15	50717068	51375438	658370
rs442495	Jansen et al. 2019	AD	15	59022615	67	58856606	59120077	263.472	15	59022615	64	58863526	59120077	256.552	15	59022615	101	58838038	59120077	282.04	15	59022615	46	58895936	59115995	220.06	15	59022615	75	58875398	59222464	347.067	15	59022615	101	58852226	59155050	302.825	15	59022615	58838038	59222464	384426	21	15	58838038	59222464	384426
rs593742	Kunkle et al. 2019	AD	15	59045774	2	59045774	59057023	11.25	15	59045774	2	59045774	59057023	11.25	15	59045774	92	58841736	59120077	278.342	15	59045774	16	58980983	59061142	80.16	15	59045774	61	58875398	59120077	244.68	15	59045774	107	58852226	59120077	267.852	15	59045774	58841736	59120077	278341	21	15	NA	NA	NA
rs2251086	Nalls et al. 2019	PD	15	61997385	10	61992343	61997599	5.257	15	61997385	7	61992409	61997599	5.191	15	61997385	12	61988299	61997599	9.301	15	61997385	14	61988299	62003571	15.273	15	61997385	47	61988299	62044475	56.177	15	61997385	23	61988299	62004796	16.498	15	61997385	61988299	62044475	56176	0	15	61988299	62044475	56176
rs117618017	Jansen et al. 2019	AD	15	63569902	3	63441242	63595878	154.637	NA	NA	NA	NA	NA	NA	15	63569902	3	63441242	63595878	154.637	NA	NA	NA	NA	NA	NA	15	63569902	3	63441242	63595878	154.637	15	63569902	3	63441242	63595878	154.637	15	63569902	63441242	63595878	154636	0	15	63441242	63595878	154636
rs6497339	Nalls et al. 2019	PD	16	19277493	0	19277493	19277493	0.001	16	19277493	0	19277493	19277493	0.001	16	19277493	31	19244424	19279548	35.125	16	19277493	21	19244424	19279464	35.041	16	19277493	46	19244424	19279548	35.125	16	19277493	28	19244424	19279548	35.125	16	19277493	19244424	19279548	35124	0	16	19244424	19279548	35124
rs7185636	Kunkle et al. 2019	AD	16	19808163	66	19706199	19844790	138.592	16	19808163	23	19711475	19829994	118.52	16	19808163	143	19706199	19830457	124.259	16	19808163	163	19705184	19867368	162.185	16	19808163	169	19706199	19892565	186.367	16	19808163	155	19705184	19831267	126.084	16	19808163	19705184	19892565	187381	0	16	19705184	19892565	187381
rs2904880	Nalls et al. 2019	PD	16	28944396	44	28531287	29000260	468.974	NA	NA	NA	NA	NA	NA	16	28944396	342	28338039	29001460	663.422	16	28944396	124	28483061	29001460	518.4	16	28944396	223	28383026	29001460	618.435	16	28944396	186	28485141	28995757	510.617	16	28944396	28338039	29001460	663421	0	16	28338039	29001460	663421
rs897984	Guerriero et al. 2018	DLB	16	30886643	31	30636777	30903679	266.903	16	30886643	25	30636777	30903679	266.903	16	30886643	38	30672719	30903679	230.961	16	30886643	298	30603521	31149142	545.622	16	30886643	162	30801183	31109290	308.108	16	30886643	257	30584430	31133449	549.02	16	30886643	30584430	31149142	564712	22	16	30571910	31167179	595269
rs11150601	Nalls et al. 2019	PD	16	30977799	40	30916430	31002720	86.291	16	30977799	38	30916430	31002720	86.291	16	30977799	128	30914626	31154146	239.521	16	30977799	278	30630226	31155458	525.233	16	30977799	137	30801183	31109290	308.108	16	30977799	238	30571910	31155458	583.549	16	30977799	30571910	31155458	583548	22	16	NA	NA	NA
rs59735493	Jansen et al. 2019	AD	16	31133100	14	31079834	31147548	67.715	16	31133100	5	31132250	31147548	15.299	16	31133100	115	30916129	31166028	249.9	16	31133100	235	30828672	31167179	338.508	16	31133100	59	30879395	31155458	276.064	16	31133100	169	30584430	31155458	571.029	16	31133100	30584430	31167179	582749	22	16	NA	NA	NA
rs6500328	Nalls et al. 2019	PD	16	50736656	8	50736656	50766886	30.231	16	50736656	10	50736656	50766886	30.231	16	50736656	56	50715185	50841484	126.3	16	50736656	82	50713315	50842961	129.647	16	50736656	65	50715185	50845533	130.349	16	50736656	56	50715185	50842961	127.777	16	50736656	50713315	50845533	132218	0	16	50713315	50845533	132218
rs3104783	Nalls et al. 2019	PD	16	52636242	43	52624738	52650047	25.31	16	52636242	41	52621205	52650047	28.843	16	52636242	86	52538337	52650909	112.573	16	52636242	61	52538337	52650047	111.711	16	52636242	100	52536885	52650909	114.025	16	52636242	77	52538337	52650909	112.573	16	52636242	52536885	52650909	114024	0	16	52536885	52650909	114024
rs10221156	Nalls et al. 2019	PD	16	52969426	12	52947630	52989466	41.837	NA	NA	NA	NA	NA	NA	16	52969426	12	52956146	52990046	33.901	16	52969426	22	52947837	52989466	41.63	16	52969426	18	52945874	52990046	44.173	16	52969426	28	52956146	53014996	58.851	16	52969426	52945874	53014996	69122	0	16	52945874	53014996	69122
rs62039712	Kunkle et al. 2019	AD	16	79355857	4	79310755	79355857	45.103	NA	NA	NA	NA	NA	NA	16	79355857	0	79355857	79355857	0.001	NA	NA	NA	NA	NA	NA	16	79355857	0	79355857	79355857	0.001	16	79355857	0	79355857	79355857	0.001	16	79355857	79310755	79355857	45102	0	16	79310755	79355857	45102
rs113260531	Jansen et al. 2019	AD	17	5138980	4	5138980	5144696	5.717	17	5138980	6	5138980	5162188	23.209	17	5138980	60	5118951	5269183	150.233	17	5138980	56	5010607	5240996	230.39	17	5138980	102	5017698	5269183	251.486	17	5138980	65	4982680	5196610	213.931	17	5138980	4982680	5269183	286503	0	17	4982680	5269183	286503
rs12600861	Nalls et al. 2019	PD	17	7355621	5	7336371	7363088	26.718	17	7355621	5	7351479	7363088	11.61	17	7355621	76	7344497	7437181	92.685	17	7355621	61	7344497	7411447	66.951	17	7355621	44	7351479	7437181	85.703	17	7355621	52	7347042	7437181	90.14	17	7355621	7336371	7437181	100810	0	17	7336371	7437181	100810
rs12951632	Nalls et al. 2019	PD	17	40741013	20	40706273	40821098	114.826	17	40741013	63	40568094	40818699	250.606	17	40741013	45	40571284	40824834	253.551	17	40741013	208	40598710	40913366	314.657	17	40741013	90	40568094	40824834	256.741	17	40741013	60	40569947	40824834	254.888	17	40741013	40568094	40913366	345272	0	17	40568094	40913366	345272
rs2269906	Nalls et al. 2019	PD	17	42294337	31	42191893	42339424	147.532	17	42294337	11	42294198	42304644	10.447	17	42294337	42	42191893	42339424	147.532	17	42294337	114	42172096	42339424	167.329	17	42294337	38	42281282	42334012	52.731	17	42294337	107	42197213	42337091	139.879	17	42294337	42172096	42339424	167328	0	17	42172096	42339424	167328
rs850738	Nalls et al. 2019	PD	17	42434630	5	42430244	42454270	24.027	17	42434630	47	42430244	42615552	185.309	17	42434630	16	42427732	42555787	128.056	17	42434630	14	42427732	42454806	27.075	17	42434630	71	42430244	42594762	164.519	17	42434630	16	42427732	42454806	27.075	17	42434630	42427732	42615552	187820	0	17	42427732	42615552	187820
rs62053943	Nalls et al. 2019	PD	17	43744203	2850	43572419	44625866	1053.45	NA	NA	NA	NA	NA	NA	17	43744203	2746	43490853	44625866	1135.01	NA	NA	NA	NA	NA	NA	17	43744203	3084	43572419	44708736	1136.32	17	43744203	3188	43543083	44699851	1156.77	17	43744203	43490853	44708736	1217883	23	17	43460181	44865603	1405422
rs117615688	Nalls et al. 2019	PD	17	43798308	2	43691195	43798308	107.114	NA	NA	NA	NA	NA	NA	17	43798308	4	43722604	43902541	179.938	NA	NA	NA	NA	NA	NA	17	43798308	1	43789710	43798308	8.599	17	43798308	1	43789710	43798308	8.599	17	43798308	43691195	43902541	211346	23	17	NA	NA	NA
rs242557	Hoglinger et al. 2011	PSP	17	44019712	1	44019712	44026739	7.028	17	44019712	2	44019712	44026739	7.028	17	44019712	1	44019712	44026739	7.028	17	44019712	1	44019712	44026739	7.028	17	44019712	1	44019712	44026739	7.028	17	44019712	2	44019712	44031596	11.885	17	44019712	44019712	44031596	11884	23	17	NA	NA	NA
rs8070723	Hoglinger et al. 2011	PSP	17	44081064	0	44081064	44081064	0.001	17	44081064	0	44081064	44081064	0.001	17	44081064	3373	43460181	44865498	1405.32	NA	NA	NA	NA	NA	NA	17	44081064	3426	43463493	44865603	1402.11	17	44081064	3361	43463493	44865498	1402.01	17	44081064	43460181	44865603	1405422	23	17	NA	NA	NA
rs11658976	Nalls et al. 2019	PD	17	44866805	0	44866805	44866805	0.001	17	44866805	0	44866805	44866805	0.001	17	44866805	4	44866805	44880353	13.549	17	44866805	4	44866805	44880353	13.549	17	44866805	4	44866805	44880353	13.549	17	44866805	0	44866805	44866805	0.001	17	44866805	44866805	44880353	13548	0	17	44866805	44880353	13548
rs28394864	Jansen et al. 2019	AD	17	47450775	3	47450057	47454515	4.459	17	47450775	4	47450057	47454515	4.459	17	47450775	83	47322746	47461433	138.688	17	47450775	43	47353487	47450775	97.289	17	47450775	86	47322264	47461433	139.17	17	47450775	79	47322746	47461433	138.688	17	47450775	47322264	47461433	139169	0	17	47322264	47461433	139169
rs2632516	Jansen et al. 2019	AD	17	56409089	2	56404349	56410041	5.693	17	56409089	2	56404349	56410041	5.693	17	56409089	4	56398006	56427142	29.137	17	56409089	12	56404349	56435885	31.537	17	56409089	4	56398006	56415396	17.391	17	56409089	4	56404349	56420163	15.815	17	56409089	56398006	56435885	37879	0	17	56398006	56435885	37879
rs61169879	Nalls et al. 2019	PD	17	59917366	60	59899199	60143206	244.008	17	59917366	11	59899199	59991932	92.734	17	59917366	138	59899199	60188441	289.243	17	59917366	113	59899199	60187986	288.788	17	59917366	124	59899199	60199130	299.932	17	59917366	115	59899199	60188441	289.243	17	59917366	59899199	60199130	299931	0	17	59899199	60199130	299931
rs138190086	Kunkle et al. 2019	AD	NA	NA	NA	NA	NA	NA	NA	NA	NA	NA	NA	NA	17	61538148	13	61001497	61575854	574.358	17	61538148	1	61536308	61538148	1.841	17	61538148	258	61001497	61548353	546.857	17	61538148	7	61510407	61538148	27.742	17	61538148	61001497	61575854	574357	0	17	61001497	61575854	574357
rs666463	Nalls et al. 2019	PD	17	76425480	80	76414072	76429847	15.776	17	76425480	69	76415153	76429761	14.609	17	76425480	103	76408369	76439980	31.612	17	76425480	99	76408369	76439980	31.612	17	76425480	108	76408369	76439980	31.612	17	76425480	101	76408369	76441984	33.616	17	76425480	76408369	76441984	33615	0	17	76408369	76441984	33615
rs8093731	Jansen et al. 2019	AD	18	29088958	9	29079200	29090893	11.694	18	29088958	11	29079200	29090893	11.694	18	29088958	9	29079200	29090893	11.694	18	29088958	12	29075045	29091901	16.857	18	29088958	33	29006240	29541991	535.752	18	29088958	26	29041410	29091901	50.492	18	29088958	29006240	29541991	535751	0	18	29006240	29541991	535751
rs1941685	Nalls et al. 2019	PD	18	31304318	9	31304318	31318256	13.939	18	31304318	10	31304318	31318256	13.939	18	31304318	77	31303557	31413679	110.123	18	31304318	32	31301195	31335294	34.1	18	31304318	104	31303557	31415929	112.373	18	31304318	62	31273471	31413679	140.209	18	31304318	31273471	31415929	142458	0	18	31273471	31415929	142458
rs12456492	Nalls et al. 2019	PD	18	40673380	3	40672964	40678235	5.272	18	40673380	11	40637754	40677515	39.762	18	40673380	26	40542412	40771851	229.44	18	40673380	82	40542412	40827109	284.698	18	40673380	13	40672964	40771851	98.888	18	40673380	41	40542412	40691463	149.052	18	40673380	40542412	40827109	284697	0	18	40542412	40827109	284697
rs8087969	Nalls et al. 2019	PD	18	48683589	41	48679989	48778064	98.076	18	48683589	45	48672508	48778064	105.557	18	48683589	85	48679989	48776106	96.118	18	48683589	48	48679989	48776106	96.118	18	48683589	91	48679989	48783342	103.354	18	48683589	74	48679989	48758488	78.5	18	48683589	48672508	48783342	110834	0	18	48672508	48783342	110834
rs76726049	Jansen et al. 2019	AD	NA	NA	NA	NA	NA	NA	NA	NA	NA	NA	NA	NA	18	56189459	3	55968665	56207629	238.965	NA	NA	NA	NA	NA	NA	18	56189459	1	56189459	56207629	18.171	18	56189459	0	56189459	56189459	0.001	18	56189459	55968665	56207629	238964	0	18	55968665	56207629	238964
rs111278892	Jansen et al. 2019	AD	19	1039323	16	1036314	1039410	3.097	19	1039323	16	1036314	1039410	3.097	19	1039323	16	1036314	1039410	3.097	NA	NA	NA	NA	NA	NA	19	1039323	21	1021627	1039410	17.784	19	1039323	3	1036691	1046076	9.386	19	1039323	1021627	1046076	24449	24	19	1021627	1084845	63218
rs3752246	Kunkle et al. 2019	AD	19	1056492	12	1023619	1084845	61.227	19	1056492	1	1056492	1063443	6.952	19	1056492	21	1050130	1081617	31.488	19	1056492	25	1041352	1082576	41.225	19	1056492	25	1050130	1081617	31.488	19	1056492	11	1047078	1082576	35.499	19	1056492	1023619	1084845	61226	24	19	NA	NA	NA
rs55818311	Nalls et al. 2019	PD	19	2341047	0	2341047	2341047	0.001	19	2341047	0	2341047	2341047	0.001	19	2341047	45	2317060	2363319	46.26	19	2341047	43	2321430	2361718	40.289	19	2341047	13	2339949	2358088	18.14	19	2341047	15	2326897	2360011	33.115	19	2341047	2317060	2363319	46259	0	19	2317060	2363319	46259
rs12973192	Nicolas et al. 2018	ALS	19	17753239	4	17749542	17754317	4.776	19	17753239	4	17749542	17754317	4.776	19	17753239	3	17742469	17753239	10.771	19	17753239	5	17742469	17754317	11.849	19	17753239	5	17742469	17754317	11.849	19	17753239	4	17742469	17753920	11.452	19	17753239	17742469	17754317	11848	0	19	17742469	17754317	11848
rs41289512	Jansen et al. 2019	AD	NA	NA	NA	NA	NA	NA	NA	NA	NA	NA	NA	NA	NA	NA	NA	NA	NA	NA	NA	NA	NA	NA	NA	NA	19	45351516	3	45337918	45418486	80.569	19	45351516	2	45337918	45418486	80.569	19	45351516	45337918	45418486	80568	25	19	45337918	45428234	90316
rs429358	Kunkle et al. 2019	AD	19	45411941	0	45411941	45411941	0.001	19	45411941	1	45407720	45411941	4.222	19	45411941	7	45387459	45415935	28.477	19	45411941	19	45387459	45428234	40.776	19	45411941	27	45387459	45428234	40.776	19	45411941	10	45410002	45424514	14.513	19	45411941	45387459	45428234	40775	25	19	NA	NA	NA
rs3865444	Jansen et al. 2019	AD	19	51727962	5	51713365	51738917	25.553	19	51727962	4	51713365	51736383	23.019	19	51727962	7	51713365	51737991	24.627	19	51727962	13	51711690	51737991	26.302	19	51727962	8	51713365	51738917	25.553	19	51727962	5	51727962	51737991	10.03	19	51727962	51711690	51738917	27227	0	19	51711690	51738917	27227
rs77351827	Nalls et al. 2019	PD	NA	NA	NA	NA	NA	NA	20	6006041	4	6006041	6052668	46.628	20	6006041	40	5986950	6029552	42.603	NA	NA	NA	NA	NA	NA	20	6006041	44	5986950	6033033	46.084	20	6006041	3	5956389	6008115	51.727	20	6006041	5956389	6052668	96279	0	20	5956389	6052668	96279
rs6024870	Kunkle et al. 2019	AD	20	54997568	8	54984140	55005892	21.753	20	54997568	9	54982351	55005892	23.542	20	54997568	20	54984140	55025377	41.238	NA	NA	NA	NA	NA	NA	20	54997568	25	54980606	55025377	44.772	20	54997568	20	54984140	55040537	56.398	20	54997568	54980606	55040537	59931	26	20	54979171	55040537	61366
rs6014724	Jansen et al. 2019	AD	20	54998544	8	54983075	55005892	22.818	20	54998544	6	54984140	55003465	19.326	20	54998544	11	54980606	55004845	24.24	20	54998544	19	54979171	55004845	25.675	20	54998544	25	54980606	55025377	44.772	20	54998544	13	54980467	55004845	24.379	20	54998544	54979171	55025377	46206	26	20	NA	NA	NA
rs2830500	Kunkle et al. 2019	AD	21	28156856	2	28146668	28156856	10.189	21	28156856	0	28156856	28156856	0.001	21	28156856	6	28146668	28166355	19.688	21	28156856	10	28156856	28167687	10.832	21	28156856	6	28146668	28166355	19.688	21	28156856	4	28147728	28166355	18.628	21	28156856	28146668	28167687	21019	0	21	28146668	28167687	21019
rs2248244	Nalls et al. 2019	PD	21	38852361	28	38821298	38899442	78.145	21	38852361	27	38821298	38892250	70.953	21	38852361	105	38724311	38924516	200.206	21	38852361	188	38715028	38926785	211.758	21	38852361	102	38724311	38924516	200.206	21	38852361	125	38715028	38924516	209.489	21	38852361	38715028	38926785	211757	0	21	38715028	38926785	211757
rs75087725	Nicolas et al. 2018	ALS	NA	NA	NA	NA	NA	NA	NA	NA	NA	NA	NA	NA	NA	NA	NA	NA	NA	NA	NA	NA	NA	NA	NA	NA	21	45753117	0	45753117	45753117	0.001	NA	NA	NA	NA	NA	NA	21	45753117	45753117	45753117	0	0	21	45753117	45753117	0
rs34637584	Nalls et al. 2019	PD	NA	NA	NA	NA	NA	NA	NA	NA	NA	NA	NA	NA	NA	NA	NA	NA	NA	NA	NA	NA	NA	NA	NA	NA	NA	NA	NA	NA	NA	NA	NA	NA	NA	NA	NA	NA	NA	NA	NA	NA	NA	0	NA	NA	NA	NA
rs76320948	Jansen et al. 2019	AD	NA	NA	NA	NA	NA	NA	NA	NA	NA	NA	NA	NA	NA	NA	NA	NA	NA	NA	NA	NA	NA	NA	NA	NA	NA	NA	NA	NA	NA	NA	NA	NA	NA	NA	NA	NA	NA	NA	NA	NA	NA	0	NA	NA	NA	NA
rs76763715	Nalls et al. 2019	PD	NA	NA	NA	NA	NA	NA	NA	NA	NA	NA	NA	NA	NA	NA	NA	NA	NA	NA	NA	NA	NA	NA	NA	NA	NA	NA	NA	NA	NA	NA	NA	NA	NA	NA	NA	NA	NA	NA	NA	NA	NA	0	NA	NA	NA	NA
rs7681440	Guerriero et al. 2018	DLB	NA	NA	NA	NA	NA	NA	NA	NA	NA	NA	NA	NA	NA	NA	NA	NA	NA	NA	NA	NA	NA	NA	NA	NA	NA	NA	NA	NA	NA	NA	NA	NA	NA	NA	NA	NA	NA	NA	NA	NA	NA	0	NA	NA	NA	NA