SNP	SOURCE	DISEASE	CHR_gr37	BP_gr37	NTAG.AAC	LEFT.AAC	RIGHT.AAC	KBSPAN.AAC	NTAG.AFR	LEFT.AFR	RIGHT.AFR	KBSPAN.AFR	NTAG.AMR	LEFT.AMR	RIGHT.AMR	KBSPAN.AMR	NTAG.EAS	LEFT.EAS	RIGHT.EAS	KBSPAN.EAS	NTAG.EUR	LEFT.EUR	RIGHT.EUR	KBSPAN.EUR	NTAG.SAS	LEFT.SAS	RIGHT.SAS	KBSPAN.SAS	minLeft	maxRight	maxSpan	dupelicateEntry
rs10221156	Nalls et al. 2019	PD	16	52969426	12	52947630	52989466	41.837	NA	NA	NA	NA	12	52956146	52990046	33.901	22	52947837	52989466	41.63	18	52945874	52990046	44.173	28	52956146	53014996	58.851	52945874	53014996	69122	unique
rs10463311	Nicolas et al. 2018	ALS	5	150410835	0	150410835	150410835	0.001	0	150410835	150410835	0.001	11	150401796	150415338	13.543	16	150401296	150428157	26.862	22	150401796	150428195	26.4	10	150401796	150415338	13.543	150401296	150428195	26899	unique
rs10467994	Kunkle et al. 2019	AD	15	51008687	24	50991409	51049349	57.941	26	50991409	51054259	62.851	160	50800095	51058629	258.535	383	50717068	51375438	658.371	77	50800095	51058629	258.535	84	50802267	51127841	325.575	50717068	51375438	658370	unique
rs10513789	Nalls et al. 2019	PD	3	182760073	23	182730291	182809594	79.304	21	182730291	182805943	75.653	28	182730291	182805943	75.653	13	182730291	182762437	32.147	66	182653263	182860042	206.78	31	182730291	182805943	75.653	182653263	182860042	206779	unique
rs10748818	Nalls et al. 2019	PD	10	104015279	12	103931931	104132535	200.605	8	103933425	104124718	191.294	33	103931931	104210735	278.805	42	103931931	104210735	278.805	33	103931931	104199573	267.643	35	103931931	104170204	238.274	103931931	104210735	278804	unique
rs10756907	Nalls et al. 2019	PD	9	17727065	19	17697095	17734640	37.546	20	17613587	17886320	272.734	38	17658670	17735707	77.038	40	17658670	17736342	77.673	65	17630427	17759497	129.071	27	17684784	17735083	50.3	17613587	17886320	272733	unique
rs10797576	Nalls et al. 2019	PD	1	232664611	2	232658436	232672841	14.406	2	232658436	232672841	14.406	11	232657647	232672841	15.195	13	232644654	232672841	28.188	21	232644654	232672841	28.188	8	232642837	232672841	30.005	232642837	232672841	30004	unique
rs10808026	Kunkle et al. 2019	AD	7	143099133	3	143099107	143109139	10.033	4	143086832	143109139	22.308	5	143099107	143109139	10.033	12	143082027	143109208	27.182	7	143099107	143109208	10.102	7	143092664	143109208	16.545	143082027	143109208	27181	unique
rs10847864	Nalls et al. 2019	PD	12	123326598	1	123322560	123326598	4.039	1	123326598	123354002	27.405	3	123296294	123326598	30.305	4	123236499	123326598	90.1	3	123296294	123326598	30.305	2	123296294	123326598	30.305	123236499	123354002	117503	unique
rs10933431	Jansen et al. 2019	AD	2	233981912	0	233981912	233981912	0.001	0	233981912	233981912	0.001	3	233981912	233984336	2.425	2	233981912	233984336	2.425	11	233976593	233981912	5.32	2	233981912	233984336	2.425	233976593	233984336	7743	unique
rs10933431	Kunkle et al. 2019	AD	2	233981912	0	233981912	233981912	0.001	0	233981912	233981912	0.001	3	233981912	233984336	2.425	2	233981912	233984336	2.425	11	233976593	233981912	5.32	2	233981912	233984336	2.425	233976593	233984336	7743	dupe
rs111278892	Jansen et al. 2019	AD	19	1039323	16	1036314	1039410	3.097	16	1036314	1039410	3.097	16	1036314	1039410	3.097	NA	NA	NA	NA	21	1021627	1039410	17.784	3	1036691	1046076	9.386	1021627	1046076	24449	unique
rs11150601	Nalls et al. 2019	PD	16	30977799	40	30916430	31002720	86.291	38	30916430	31002720	86.291	128	30914626	31154146	239.521	278	30630226	31155458	525.233	137	30801183	31109290	308.108	238	30571910	31155458	583.549	30571910	31155458	583548	unique
rs11158026	Nalls et al. 2019	PD	14	55348869	92	55255673	55484210	228.538	93	55235767	55484210	248.444	50	55285588	55400528	114.941	55	55323450	55353788	30.339	114	55335062	55485150	150.089	79	55281360	55484210	202.851	55235767	55485150	249383	unique
rs11218343	Jansen et al. 2019	AD	11	121435587	9	121423640	121453517	29.878	9	121423640	121453517	29.878	14	121433926	121477816	43.891	34	121423552	121489416	65.865	10	121433926	121456061	22.136	5	121433926	121446218	12.293	121423552	121489416	65864	unique
rs11218343	Kunkle et al. 2019	AD	11	121435587	9	121423640	121453517	29.878	9	121423640	121453517	29.878	14	121433926	121477816	43.891	34	121423552	121489416	65.865	10	121433926	121456061	22.136	5	121433926	121446218	12.293	121423552	121489416	65864	dupe
rs112485576	Nalls et al. 2019	PD	6	32578772	159	32384801	32652880	268.08	92	32396930	32626196	229.267	259	32345891	32682137	336.247	110	32219320	32682137	462.818	311	32219320	32682429	463.11	254	32257284	32685550	428.267	32219320	32685550	466230	unique
rs11257238	Jansen et al. 2019	AD	10	11717397	9	11703491	11723257	19.767	8	11707915	11723257	15.343	15	11680543	11723257	42.715	15	11703491	11723537	20.047	10	11703491	11723257	19.767	10	11703491	11723257	19.767	11680543	11723537	42994	unique
rs113247976	Nicolas et al. 2018	ALS	NA	NA	NA	NA	NA	NA	NA	NA	NA	NA	6	57316603	58676132	1359.53	NA	NA	NA	NA	0	57975700	57975700	0.001	NA	NA	NA	NA	57316603	58676132	1359529	unique
rs113260531	Jansen et al. 2019	AD	17	5138980	4	5138980	5144696	5.717	6	5138980	5162188	23.209	60	5118951	5269183	150.233	56	5010607	5240996	230.39	102	5017698	5269183	251.486	65	4982680	5196610	213.931	4982680	5269183	286503	unique
rs114138760	Nalls et al. 2019	PD	NA	NA	NA	NA	NA	NA	NA	NA	NA	NA	NA	NA	NA	NA	NA	NA	NA	NA	5	154806908	155007229	200.322	2	154852735	154929735	77.001	154806908	155007229	200321	unique
rs114360492	Jansen et al. 2019	AD	7	145950029	13	145949812	146047392	97.581	19	145797889	146047392	249.504	18	145797889	146794279	996.391	NA	NA	NA	NA	NA	NA	NA	NA	NA	NA	NA	NA	145797889	146794279	996390	unique
rs114812713	Kunkle et al. 2019	AD	NA	NA	NA	NA	NA	NA	NA	NA	NA	NA	0	41034000	41034000	0.001	NA	NA	NA	NA	1	40921531	41034000	112.47	NA	NA	NA	NA	40921531	41034000	112469	unique
rs11557080	Nalls et al. 2019	PD	1	205737739	7	205661418	205737739	76.322	4	205683355	205737739	54.385	14	205660940	205756484	95.545	76	205642390	205807504	165.115	16	205642390	205737739	95.35	33	205642390	205807504	165.115	205642390	205807504	165114	unique
rs11578699	Nalls et al. 2019	PD	1	171719769	25	171710405	171733426	23.022	23	171711152	171733426	22.275	143	171649458	171729930	80.473	90	171649502	171729930	80.429	198	171649458	171733426	83.969	253	171626080	171729930	103.851	171626080	171733426	107346	unique
rs11610045	Nalls et al. 2019	PD	12	133063768	1	133058157	133063768	5.612	1	133063768	133069698	5.931	73	133053029	133151607	98.579	79	133049093	133142935	93.843	11	133058157	133142118	83.962	19	133058157	133142118	83.962	133049093	133151607	102514	unique
rs11658976	Nalls et al. 2019	PD	17	44866805	0	44866805	44866805	0.001	0	44866805	44866805	0.001	4	44866805	44880353	13.549	4	44866805	44880353	13.549	4	44866805	44880353	13.549	0	44866805	44866805	0.001	44866805	44880353	13548	unique
rs11683001	Nalls et al. 2019	PD	2	102396963	38	102300940	102440166	139.227	68	102302650	102569353	266.704	59	102286492	102568527	282.036	55	102300940	102568527	267.588	47	102300940	102543053	242.114	50	102300940	102543053	242.114	102286492	102569353	282861	unique
rs116900480	Nicolas et al. 2018	ALS	12	58656105	5	58077416	58942586	865.171	NA	NA	NA	NA	4	57975700	58676132	700.433	NA	NA	NA	NA	2	58656105	59107046	450.942	NA	NA	NA	NA	57975700	59107046	1131346	unique
rs117027576	Nicolas et al. 2018	ALS	NA	NA	NA	NA	NA	NA	NA	NA	NA	NA	12	56940862	58139729	1198.87	NA	NA	NA	NA	7	57222611	57482813	260.203	NA	NA	NA	NA	56940862	58139729	1198867	unique
rs11707416	Nalls et al. 2019	PD	3	151108965	8	151090424	151132544	42.121	7	150967452	151132544	165.093	56	151090424	151132544	42.121	54	150984941	151132544	147.604	60	151090424	151132544	42.121	41	151090424	151132544	42.121	150967452	151132544	165092	unique
rs117615688	Nalls et al. 2019	PD	17	43798308	2	43691195	43798308	107.114	NA	NA	NA	NA	4	43722604	43902541	179.938	NA	NA	NA	NA	1	43789710	43798308	8.599	1	43789710	43798308	8.599	43691195	43902541	211346	unique
rs117618017	Jansen et al. 2019	AD	15	63569902	3	63441242	63595878	154.637	NA	NA	NA	NA	3	63441242	63595878	154.637	NA	NA	NA	NA	3	63441242	63595878	154.637	3	63441242	63595878	154.637	63441242	63595878	154636	unique
rs117896735	Nalls et al. 2019	PD	NA	NA	NA	NA	NA	NA	NA	NA	NA	NA	NA	NA	NA	NA	NA	NA	NA	NA	4	121351630	121710488	358.859	2	121536327	121710488	174.162	121351630	121710488	358858	unique
rs118082508	Nicolas et al. 2018	ALS	NA	NA	NA	NA	NA	NA	NA	NA	NA	NA	12	56940862	58139729	1198.87	NA	NA	NA	NA	7	57222611	57482813	260.203	NA	NA	NA	NA	56940862	58139729	1198867	unique
rs11950533	Nalls et al. 2019	PD	5	134199105	13	134076812	134199105	122.294	8	134103063	134199105	96.043	76	133874020	134309116	435.097	55	133921811	134315853	394.043	71	133887780	134309116	421.337	68	133907554	134315853	408.3	133874020	134315853	441833	unique
rs12147950	Nalls et al. 2019	PD	14	37989270	12	37944503	38029758	85.256	14	37944503	38040755	96.253	54	37723236	38040755	317.52	141	37575033	38005841	430.809	129	37721524	38073877	352.354	176	37721524	38073877	352.354	37575033	38073877	498844	unique
rs12283611	Nalls et al. 2019	PD	11	83487277	6	83484658	83489888	5.231	13	83481941	83489888	7.948	40	83487152	83542182	55.031	16	83487152	83497228	10.077	39	83487152	83544472	57.321	36	83487152	83544472	57.321	83481941	83544472	62531	unique
rs12456492	Nalls et al. 2019	PD	18	40673380	3	40672964	40678235	5.272	11	40637754	40677515	39.762	26	40542412	40771851	229.44	82	40542412	40827109	284.698	13	40672964	40771851	98.888	41	40542412	40691463	149.052	40542412	40827109	284697	unique
rs12497850	Nalls et al. 2019	PD	3	48748989	74	48689787	49287759	597.973	123	48654938	49287759	632.822	251	48719638	49596593	876.956	279	48719637	49382925	663.289	217	48719638	49368521	648.884	166	48719638	49368521	648.884	48654938	49596593	941655	unique
rs12528068	Nalls et al. 2019	PD	6	72487762	15	72485028	72490916	5.889	17	72485028	72497090	12.063	58	72462260	72565962	103.703	53	72461651	72530025	68.375	13	72479263	72513915	34.653	21	72479263	72514016	34.754	72461651	72565962	104311	unique
rs12539172	Kunkle et al. 2019	AD	7	100091795	31	99550241	100190116	639.876	34	99550241	100190116	639.876	4	99984089	100091795	107.707	8	99815832	100091795	275.964	13	99932049	100190116	258.068	82	99770456	100190116	419.661	99550241	100190116	639875	unique
rs12590654	Jansen et al. 2019	AD	14	92938855	23	92934924	92938855	3.932	24	92934924	92938998	4.075	3	92935280	92939076	3.797	4	92938553	92939076	0.524	4	92926952	92939076	12.125	1	92938855	92939076	0.222	92926952	92939076	12124	unique
rs12600861	Nalls et al. 2019	PD	17	7355621	5	7336371	7363088	26.718	5	7351479	7363088	11.61	76	7344497	7437181	92.685	61	7344497	7411447	66.951	44	7351479	7437181	85.703	52	7347042	7437181	90.14	7336371	7437181	100810	unique
rs12881735	Kunkle et al. 2019	AD	14	92932828	5	92926952	92938382	11.431	5	92926952	92938382	11.431	9	92919715	92964873	45.159	4	92926952	92957176	30.225	6	92926952	92957176	30.225	4	92926952	92957176	30.225	92919715	92964873	45158	unique
rs1293298	Nalls et al. 2019	PD	8	11712443	1	11712443	11712856	0.414	2	11712443	11713474	1.032	46	11673985	11712639	38.655	NA	NA	NA	NA	46	11673985	11712639	38.655	52	11673985	11740727	66.743	11673985	11740727	66742	unique
rs12951632	Nalls et al. 2019	PD	17	40741013	20	40706273	40821098	114.826	63	40568094	40818699	250.606	45	40571284	40824834	253.551	208	40598710	40913366	314.657	90	40568094	40824834	256.741	60	40569947	40824834	254.888	40568094	40913366	345272	unique
rs12973192	Nicolas et al. 2018	ALS	19	17753239	4	17749542	17754317	4.776	4	17749542	17754317	4.776	3	17742469	17753239	10.771	5	17742469	17754317	11.849	5	17742469	17754317	11.849	4	17742469	17753920	11.452	17742469	17754317	11848	unique
rs13117519	Nalls et al. 2019	PD	4	114369065	5	114369065	114401370	32.306	7	114345040	114438352	93.313	28	114343869	114449719	105.851	60	114334543	114463739	129.197	35	114343869	114456506	112.638	34	114359899	114458402	98.504	114334543	114463739	129196	unique
rs13294100	Nalls et al. 2019	PD	9	17579690	0	17579690	17579690	0.001	0	17579690	17579690	0.001	13	17569341	17584274	14.934	39	17569341	17603859	34.519	14	17569341	17586101	16.761	13	17569341	17584274	14.934	17569341	17603859	34518	unique
rs138190086	Kunkle et al. 2019	AD	NA	NA	NA	NA	NA	NA	NA	NA	NA	NA	13	61001497	61575854	574.358	1	61536308	61538148	1.841	258	61001497	61548353	546.857	7	61510407	61538148	27.742	61001497	61575854	574357	unique
rs138190086	Kunkle et al. 2019	AD	NA	NA	NA	NA	NA	NA	NA	NA	NA	NA	13	61001497	61575854	574.358	1	61536308	61538148	1.841	258	61001497	61548353	546.857	7	61510407	61538148	27.742	61001497	61575854	574357	dupe
rs1411478	Hoglinger et al. 2011	PSP	1	180962282	25	180943529	180962282	18.754	25	180943529	180962282	18.754	44	180940588	181017348	76.761	45	180940588	181017348	76.761	43	180940588	181016529	75.942	62	180940588	181017348	76.761	180940588	181017348	76760	unique
rs142321490	Nicolas et al. 2018	ALS	NA	NA	NA	NA	NA	NA	NA	NA	NA	NA	4	57975700	58676132	700.433	NA	NA	NA	NA	1	58656105	58676132	20.028	NA	NA	NA	NA	57975700	58676132	700432	unique
rs1426210	Guerriero et al. 2018	DLB	15	26840998	10	26798199	26876249	78.051	12	26798199	26876249	78.051	16	26832891	26876249	43.359	94	26770557	26885461	114.905	34	26832891	26876249	43.359	36	26832891	26876249	43.359	26770557	26885461	114904	unique
rs1426210	Guerriero et al. 2018	DLB	15	26840998	10	26798199	26876249	78.051	12	26798199	26876249	78.051	16	26832891	26876249	43.359	94	26770557	26885461	114.905	34	26832891	26876249	43.359	36	26832891	26876249	43.359	26770557	26885461	114904	dupe
rs1450522	Nalls et al. 2019	PD	3	161077630	25	160812752	161138929	326.178	14	160897771	161138929	241.159	121	160693077	161138929	445.853	160	160693077	161218983	525.907	172	160587563	161139566	552.004	110	160754626	161143111	388.486	160587563	161218983	631420	unique
rs1474055	Nalls et al. 2019	PD	2	169110394	11	169091942	169150881	58.94	8	169091942	169133796	41.855	20	169071348	169156907	85.56	45	169071348	169156907	85.56	19	169091942	169166282	74.341	10	169091942	169143035	51.094	169071348	169166282	94934	unique
rs16913634	Ferrari et al. 2014	FTD and subtypes	11	87934068	33	87871538	87934579	63.042	25	87871776	87934579	62.804	41	87828768	87935110	106.343	NA	NA	NA	NA	54	87828768	87935110	106.343	47	87828768	87935110	106.343	87828768	87935110	106342	unique
rs16913634	Ferrari et al. 2014	FTD and subtypes	11	87934068	33	87871538	87934579	63.042	25	87871776	87934579	62.804	41	87828768	87935110	106.343	NA	NA	NA	NA	54	87828768	87935110	106.343	47	87828768	87935110	106.343	87828768	87935110	106342	dupe
rs17125924	Kunkle et al. 2019	AD	14	53391680	9	53305626	53399868	94.243	11	53312002	53425385	113.384	96	53293307	53453877	160.571	111	53297008	53424096	127.089	110	53174981	53462216	287.236	83	53304751	53424096	119.346	53174981	53462216	287235	unique
rs1768208	Hoglinger et al. 2011	PSP	3	39523003	22	39428005	39536524	108.52	9	39428005	39534481	106.477	52	39428005	39587537	159.533	228	39426537	39587537	161.001	20	39472295	39534742	62.448	41	39428005	39544943	116.939	39426537	39587537	161000	unique
rs184384746	Jansen et al. 2019	AD	NA	NA	NA	NA	NA	NA	NA	NA	NA	NA	NA	NA	NA	NA	NA	NA	NA	NA	16	56980453	57871654	891.202	NA	NA	NA	NA	56980453	57871654	891201	unique
rs1859788	Jansen et al. 2019	AD	7	99971834	29	99770456	100190116	419.661	31	99770456	100190116	419.661	97	99765628	100190116	424.489	98	99759205	100042413	283.209	13	99840461	100091795	251.335	116	99608029	100091795	483.767	99608029	100190116	582087	unique
rs1867598	Nalls et al. 2019	PD	5	60137959	55	60134856	60474581	339.726	129	60134856	60524585	389.73	80	60072477	60493944	421.468	269	60072477	60581265	508.789	135	59855012	60493944	638.933	95	60011522	60493944	482.423	59855012	60581265	726253	unique
rs187370608	Jansen et al. 2019	AD	NA	NA	NA	NA	NA	NA	NA	NA	NA	NA	NA	NA	NA	NA	NA	NA	NA	NA	3	40904030	41129252	225.223	NA	NA	NA	NA	40904030	41129252	225222	unique
rs190982	Kunkle et al. 2019	AD	5	88223420	0	88223420	88223420	0.001	0	88223420	88223420	0.001	0	88223420	88223420	0.001	0	88223420	88223420	0.001	2	88215594	88223420	7.827	2	88215594	88223420	7.827	88215594	88223420	7826	unique
rs1941685	Nalls et al. 2019	PD	18	31304318	9	31304318	31318256	13.939	10	31304318	31318256	13.939	77	31303557	31413679	110.123	32	31301195	31335294	34.1	104	31303557	31415929	112.373	62	31273471	31413679	140.209	31273471	31415929	142458	unique
rs1980493	Ferrari et al. 2014	FTD and subtypes	6	32363215	25	32266343	32386704	120.362	32	32178570	32386704	208.135	6	32356201	32375796	19.596	10	32356201	32380830	24.63	216	31596138	32667595	1071.46	36	32266343	32668978	402.636	31596138	32668978	1072840	unique
rs1980493	Ferrari et al. 2014	FTD and subtypes	6	32363215	25	32266343	32386704	120.362	32	32178570	32386704	208.135	6	32356201	32375796	19.596	10	32356201	32380830	24.63	216	31596138	32667595	1071.46	36	32266343	32668978	402.636	31596138	32668978	1072840	dupe
rs1980493	Ferrari et al. 2014	FTD and subtypes	6	32363215	25	32266343	32386704	120.362	32	32178570	32386704	208.135	6	32356201	32375796	19.596	10	32356201	32380830	24.63	216	31596138	32667595	1071.46	36	32266343	32668978	402.636	31596138	32668978	1072840	dupe
rs199351	Nalls et al. 2019	PD	7	23300049	47	23115966	23401955	285.99	17	23260251	23390467	130.217	247	23113503	23407240	293.738	29	23193271	23390467	197.197	258	23110731	23407240	296.51	61	23194605	23401955	207.351	23110731	23407240	296509	unique
rs2042477	Nalls et al. 2019	PD	2	96000943	135	95716644	96685021	968.378	128	95734623	96388762	654.14	151	95517340	96377078	859.739	147	95715867	96207952	492.086	157	95444831	96038810	593.98	163	95444831	96207952	763.122	95444831	96685021	1240190	unique
rs2081545	Jansen et al. 2019	AD	11	59958380	78	59867379	60033448	166.07	44	59932579	60008151	75.573	138	59856028	60001325	145.298	120	59840813	60026613	185.801	180	59856028	60088159	232.132	178	59856028	60041296	185.269	59840813	60088159	247346	unique
rs2086641	Nalls et al. 2019	PD	8	130901909	68	130821227	130953519	132.293	25	130847866	130966520	118.655	10	130855070	130953519	98.45	55	130853447	130947655	94.209	13	130846083	130953519	107.437	56	130853447	130976074	122.628	130821227	130976074	154847	unique
rs2093760	Jansen et al. 2019	AD	1	207786828	4	207749132	207786828	37.697	4	207749132	207786828	37.697	21	207679307	207806730	127.424	20	207677486	207806730	129.245	22	207679307	207806730	127.424	22	207679307	207806730	127.424	207677486	207806730	129244	unique
rs2248244	Nalls et al. 2019	PD	21	38852361	28	38821298	38899442	78.145	27	38821298	38892250	70.953	105	38724311	38924516	200.206	188	38715028	38926785	211.758	102	38724311	38924516	200.206	125	38715028	38924516	209.489	38715028	38926785	211757	unique
rs2251086	Nalls et al. 2019	PD	15	61997385	10	61992343	61997599	5.257	7	61992409	61997599	5.191	12	61988299	61997599	9.301	14	61988299	62003571	15.273	47	61988299	62044475	56.177	23	61988299	62004796	16.498	61988299	62044475	56176	unique
rs2269906	Nalls et al. 2019	PD	17	42294337	31	42191893	42339424	147.532	11	42294198	42304644	10.447	42	42191893	42339424	147.532	114	42172096	42339424	167.329	38	42281282	42334012	52.731	107	42197213	42337091	139.879	42172096	42339424	167328	unique
rs2280104	Nalls et al. 2019	PD	8	22525980	21	22451116	22542962	91.847	18	22446606	22529695	83.09	88	22449484	22542962	93.479	72	22449484	22542962	93.479	87	22449484	22542962	93.479	84	22449484	22542962	93.479	22446606	22542962	96356	unique
rs242557	Hoglinger et al. 2011	PSP	17	44019712	1	44019712	44026739	7.028	2	44019712	44026739	7.028	1	44019712	44026739	7.028	1	44019712	44026739	7.028	1	44019712	44026739	7.028	2	44019712	44031596	11.885	44019712	44031596	11884	unique
rs2632516	Jansen et al. 2019	AD	17	56409089	2	56404349	56410041	5.693	2	56404349	56410041	5.693	4	56398006	56427142	29.137	12	56404349	56435885	31.537	4	56398006	56415396	17.391	4	56404349	56420163	15.815	56398006	56435885	37879	unique
rs2632516	Kunkle et al. 2019	AD	17	56409089	2	56404349	56410041	5.693	2	56404349	56410041	5.693	4	56398006	56427142	29.137	12	56404349	56435885	31.537	4	56398006	56415396	17.391	4	56404349	56420163	15.815	56398006	56435885	37879	dupe
rs26431	Nalls et al. 2019	PD	5	102365794	209	102306061	102558044	251.984	194	102306061	102558044	251.984	382	102241341	102590943	349.603	362	102241341	102558044	316.704	393	102241341	102642673	401.333	345	102287496	102642673	355.178	102241341	102642673	401332	unique
rs2830500	Kunkle et al. 2019	AD	21	28156856	2	28146668	28156856	10.189	0	28156856	28156856	0.001	6	28146668	28166355	19.688	10	28156856	28167687	10.832	6	28146668	28166355	19.688	4	28147728	28166355	18.628	28146668	28167687	21019	unique
rs28394864	Jansen et al. 2019	AD	17	47450775	3	47450057	47454515	4.459	4	47450057	47454515	4.459	83	47322746	47461433	138.688	43	47353487	47450775	97.289	86	47322264	47461433	139.17	79	47322746	47461433	138.688	47322264	47461433	139169	unique
rs2904880	Nalls et al. 2019	PD	16	28944396	44	28531287	29000260	468.974	NA	NA	NA	NA	342	28338039	29001460	663.422	124	28483061	29001460	518.4	223	28383026	29001460	618.435	186	28485141	28995757	510.617	28338039	29001460	663421	unique
rs302652	Ferrari et al. 2014	FTD and subtypes	11	87894831	16	87860095	87936024	75.93	17	87856826	87936024	79.199	22	87865942	87936024	70.083	2	87879627	87936024	56.398	16	87865942	87936024	70.083	14	87865942	87936024	70.083	87856826	87936024	79198	unique
rs302668	Ferrari et al. 2014	FTD and subtypes	11	87876911	17	87856826	87936024	79.199	16	87856826	87936024	79.199	20	87865942	87936024	70.083	20	87860095	87928710	68.616	41	87856826	87936024	79.199	15	87865942	87936024	70.083	87856826	87936024	79198	unique
rs302668	Ferrari et al. 2014	FTD and subtypes	11	87876911	17	87856826	87936024	79.199	16	87856826	87936024	79.199	20	87865942	87936024	70.083	20	87860095	87928710	68.616	41	87856826	87936024	79.199	15	87865942	87936024	70.083	87856826	87936024	79198	dupe
rs3104783	Nalls et al. 2019	PD	16	52636242	43	52624738	52650047	25.31	41	52621205	52650047	28.843	86	52538337	52650909	112.573	61	52538337	52650047	111.711	100	52536885	52650909	114.025	77	52538337	52650909	112.573	52536885	52650909	114024	unique
rs34025766	Nalls et al. 2019	PD	4	17968811	146	17874089	18035250	161.162	148	17881195	18035250	154.056	272	17788715	18035250	246.536	267	17789325	18035250	245.926	272	17788715	18035250	246.536	263	17789325	18035250	245.926	17788715	18035250	246535	unique
rs34311866	Nalls et al. 2019	PD	4	951947	13	843674	991192	147.519	NA	NA	NA	NA	16	942439	976598	34.16	23	934469	991192	56.724	0	951947	951947	0.001	15	935571	973036	37.466	843674	991192	147518	unique
rs34637584	Nalls et al. 2019	PD	NA	NA	NA	NA	NA	NA	NA	NA	NA	NA	NA	NA	NA	NA	NA	NA	NA	NA	NA	NA	NA	NA	NA	NA	NA	NA	NA	NA	NA	unique
rs356182	Nalls et al. 2019	PD	4	90626111	0	90626111	90626111	0.001	0	90626111	90626111	0.001	10	90626098	90711770	85.673	0	90626111	90626111	0.001	51	90606597	90757948	151.352	6	90626098	90666041	39.944	90606597	90757948	151351	unique
rs35749011	Nalls et al. 2019	PD	NA	NA	NA	NA	NA	NA	NA	NA	NA	NA	NA	NA	NA	NA	NA	NA	NA	NA	11	154988255	155820734	832.48	NA	NA	NA	NA	154988255	155820734	832479	unique
rs35749011	Guerriero et al. 2018	DLB	NA	NA	NA	NA	NA	NA	NA	NA	NA	NA	NA	NA	NA	NA	NA	NA	NA	NA	11	154988255	155820734	832.48	NA	NA	NA	NA	154988255	155820734	832479	dupe
rs35749011	Guerriero et al. 2018	DLB	NA	NA	NA	NA	NA	NA	NA	NA	NA	NA	NA	NA	NA	NA	NA	NA	NA	NA	11	154988255	155820734	832.48	NA	NA	NA	NA	154988255	155820734	832479	dupe
rs35868327	Kunkle et al. 2019	AD	5	52665230	3	52665229	52665232	0.004	12	52663760	52830110	166.351	14	52665229	52762217	96.989	NA	NA	NA	NA	26	52665229	52795830	130.602	NA	NA	NA	NA	52663760	52830110	166350	unique
rs3740688	Kunkle et al. 2019	AD	11	47380340	39	47374998	47466006	91.009	44	47374998	47466790	91.793	107	47372377	47723512	351.136	202	47290984	47902883	611.9	104	47372377	47466790	94.414	173	47365199	47915299	550.101	47290984	47915299	624315	unique
rs3742785	Nalls et al. 2019	PD	14	75373034	31	75342954	75390135	47.182	34	75332274	75390135	57.862	82	75114321	75410523	296.203	141	75114321	75400622	286.302	143	75114321	75410523	296.203	140	75114321	75402014	287.694	75114321	75410523	296202	unique
rs3752246	Kunkle et al. 2019	AD	19	1056492	12	1023619	1084845	61.227	1	1056492	1063443	6.952	21	1050130	1081617	31.488	25	1041352	1082576	41.225	25	1050130	1081617	31.488	11	1047078	1082576	35.499	1023619	1084845	61226	unique
rs3802920	Nalls et al. 2019	PD	11	133787001	5	133773691	133787717	14.027	6	133783662	133790173	6.512	14	133772838	133814468	41.631	12	133747772	133796676	48.905	14	133707509	133820022	112.514	15	133725046	133796676	71.631	133707509	133820022	112513	unique
rs382940	Iwaki et al. 2019	PD progression	9	108058562	58	107986092	108072519	86.428	31	108000226	108070151	69.926	184	107973145	108072519	99.375	208	107972485	108083485	111.001	151	107985093	108072519	87.427	153	107985093	108077553	92.461	107972485	108083485	111000	unique
rs3849943	Nicolas et al. 2018	ALS	9	27543382	41	27484371	27563868	79.498	16	27505639	27563868	58.23	26	27489693	27583128	93.436	24	27538948	27593984	55.037	79	27484371	27578647	94.277	26	27489693	27583128	93.436	27484371	27593984	109613	unique
rs3851179	Kunkle et al. 2019	AD	11	85868640	14	85809825	85868640	58.816	86	85652251	85871184	218.934	128	85655105	85871184	216.08	176	85653256	85871184	217.929	54	85670945	85868640	197.696	111	85657759	85871184	213.426	85652251	85871184	218933	unique
rs3865444	Jansen et al. 2019	AD	19	51727962	5	51713365	51738917	25.553	4	51713365	51736383	23.019	7	51713365	51737991	24.627	13	51711690	51737991	26.302	8	51713365	51738917	25.553	5	51727962	51737991	10.03	51711690	51738917	27227	unique
rs4101061	Nalls et al. 2019	PD	4	77147969	10	77147969	77176768	28.8	8	77147969	77152816	4.848	58	77144682	77176897	32.216	53	77144682	77182033	37.352	18	77144682	77173914	29.233	12	77144682	77155591	10.91	77144682	77182033	37351	unique
rs41289512	Jansen et al. 2019	AD	NA	NA	NA	NA	NA	NA	NA	NA	NA	NA	NA	NA	NA	NA	NA	NA	NA	NA	3	45337918	45418486	80.569	2	45337918	45418486	80.569	45337918	45418486	80568	unique
rs4140646	Nalls et al. 2019	PD	6	27738801	19	27719764	27809159	89.396	20	27719764	27866823	147.06	275	27498217	28173957	675.741	118	27545744	27859453	313.71	323	27021173	28147987	1126.82	96	27675290	27813813	138.524	27021173	28173957	1152784	unique
rs4236673	Jansen et al. 2019	AD	8	27464929	4	27456253	27467821	11.569	3	27456253	27467821	11.569	10	27456253	27468503	12.251	12	27456253	27468503	12.251	10	27456253	27468503	12.251	12	27456253	27468503	12.251	27456253	27468503	12250	unique
rs429358	Kunkle et al. 2019	AD	19	45411941	0	45411941	45411941	0.001	1	45407720	45411941	4.222	7	45387459	45415935	28.477	19	45387459	45428234	40.776	27	45387459	45428234	40.776	10	45410002	45424514	14.513	45387459	45428234	40775	unique
rs429358	Guerriero et al. 2018	DLB	19	45411941	0	45411941	45411941	0.001	1	45407720	45411941	4.222	7	45387459	45415935	28.477	19	45387459	45428234	40.776	27	45387459	45428234	40.776	10	45410002	45424514	14.513	45387459	45428234	40775	dupe
rs429358	Guerriero et al. 2018	DLB	19	45411941	0	45411941	45411941	0.001	1	45407720	45411941	4.222	7	45387459	45415935	28.477	19	45387459	45428234	40.776	27	45387459	45428234	40.776	10	45410002	45424514	14.513	45387459	45428234	40775	dupe
rs442495	Jansen et al. 2019	AD	15	59022615	67	58856606	59120077	263.472	64	58863526	59120077	256.552	101	58838038	59120077	282.04	46	58895936	59115995	220.06	75	58875398	59222464	347.067	101	58852226	59155050	302.825	58838038	59222464	384426	unique
rs4575098	Jansen et al. 2019	AD	1	161155392	21	161068836	161183516	114.681	16	161092511	161183516	91.006	64	161068240	161192511	124.272	59	161068240	161186313	118.074	22	161068836	161160872	92.037	26	161068836	161183516	114.681	161068240	161192511	124271	unique
rs4653767	Nalls et al. 2019	PD	1	226916078	6	226912891	226923264	10.374	6	226912891	226923264	10.374	11	226903535	226923264	19.73	5	226916078	226923264	7.187	11	226906961	226972551	65.591	24	226903535	226965334	61.8	226903535	226972551	69016	unique
rs4663105	Jansen et al. 2019	AD	2	127891427	2	127891427	127894615	3.189	2	127891427	127894615	3.189	4	127882182	127894615	12.434	5	127882182	127894851	12.67	6	127882182	127894615	12.434	7	127865100	127892810	27.711	127865100	127894851	29751	unique
rs4698412	Nalls et al. 2019	PD	4	15737348	4	15730146	15737882	7.737	4	15730146	15737882	7.737	15	15706790	15743332	36.543	79	15710330	15756270	45.941	19	15685051	15743332	58.282	16	15710330	15743332	33.003	15685051	15756270	71219	unique
rs4723711	Kunkle et al. 2019	AD	7	37844263	14	37800529	37851730	51.202	12	37800529	37859213	58.685	20	37758187	37892878	134.692	39	37792902	37872762	79.861	100	37665849	37889471	223.623	50	37752467	37872762	120.296	37665849	37892878	227029	unique
rs4735340	Kunkle et al. 2019	AD	8	95976251	65	95960855	95992473	31.619	67	95960511	95992473	31.963	93	95911477	96054000	142.524	189	95816132	96073633	257.502	111	95831273	96050557	219.285	125	95816132	96065878	249.747	95816132	96073633	257501	unique
rs4771268	Nalls et al. 2019	PD	13	97865021	15	97765461	97911563	146.103	15	97765461	97903739	138.279	9	97768474	97865021	96.548	17	97768474	97903739	135.266	15	97768474	97911563	143.09	17	97768474	97911563	143.09	97765461	97911563	146102	unique
rs4844610	Kunkle et al. 2019	AD	1	207802552	9	207653395	207802552	149.158	0	207802552	207802552	0.001	22	207679307	207806730	127.424	6	207684192	207802552	118.361	23	207679307	207850539	171.233	21	207679307	207806730	127.424	207653395	207850539	197144	unique
rs5019538	Nalls et al. 2019	PD	4	90636630	33	90630801	90669014	38.214	98	90628989	90759637	130.649	143	90628127	90808918	180.792	NA	NA	NA	NA	150	90626111	90808918	182.808	141	90628127	90808918	180.792	90626111	90808918	182807	unique
rs55818311	Nalls et al. 2019	PD	19	2341047	0	2341047	2341047	0.001	0	2341047	2341047	0.001	45	2317060	2363319	46.26	43	2321430	2361718	40.289	13	2339949	2358088	18.14	15	2326897	2360011	33.115	2317060	2363319	46259	unique
rs55961674	Nalls et al. 2019	PD	3	122196892	46	122066861	122279049	212.189	45	122066861	122279049	212.189	80	122022958	122289005	266.048	48	122128466	122289005	160.54	77	122060404	122289005	228.602	96	122028476	122289005	260.53	122022958	122289005	266047	unique
rs57891859	Nalls et al. 2019	PD	2	135464616	21	135464616	135486350	21.735	27	135460254	135486350	26.097	0	135464616	135464616	0.001	49	135443940	135486350	42.411	0	135464616	135464616	0.001	0	135464616	135464616	0.001	135443940	135486350	42410	unique
rs593742	Kunkle et al. 2019	AD	15	59045774	2	59045774	59057023	11.25	2	59045774	59057023	11.25	92	58841736	59120077	278.342	16	58980983	59061142	80.16	61	58875398	59120077	244.68	107	58852226	59120077	267.852	58841736	59120077	278341	unique
rs59735493	Jansen et al. 2019	AD	16	31133100	14	31079834	31147548	67.715	5	31132250	31147548	15.299	115	30916129	31166028	249.9	235	30828672	31167179	338.508	59	30879395	31155458	276.064	169	30584430	31155458	571.029	30584430	31167179	582749	unique
rs6014724	Jansen et al. 2019	AD	20	54998544	8	54983075	55005892	22.818	6	54984140	55003465	19.326	11	54980606	55004845	24.24	19	54979171	55004845	25.675	25	54980606	55025377	44.772	13	54980467	55004845	24.379	54979171	55025377	46206	unique
rs6024870	Kunkle et al. 2019	AD	20	54997568	8	54984140	55005892	21.753	9	54982351	55005892	23.542	20	54984140	55025377	41.238	NA	NA	NA	NA	25	54980606	55025377	44.772	20	54984140	55040537	56.398	54980606	55040537	59931	unique
rs61169879	Nalls et al. 2019	PD	17	59917366	60	59899199	60143206	244.008	11	59899199	59991932	92.734	138	59899199	60188441	289.243	113	59899199	60187986	288.788	124	59899199	60199130	299.932	115	59899199	60188441	289.243	59899199	60199130	299931	unique
rs61863020	Iwaki et al. 2019	PD progression	10	112956055	8	112945481	112960422	14.942	0	112956055	112956055	0.001	32	112926652	112967078	40.427	15	112929753	112960963	31.211	14	112929753	112960963	31.211	9	112945481	112960963	15.483	112926652	112967078	40426	unique
rs62039712	Kunkle et al. 2019	AD	16	79355857	4	79310755	79355857	45.103	NA	NA	NA	NA	0	79355857	79355857	0.001	NA	NA	NA	NA	0	79355857	79355857	0.001	0	79355857	79355857	0.001	79310755	79355857	45102	unique
rs620513	Nalls et al. 2019	PD	8	16697593	23	16696291	16710232	13.942	34	16696291	16713991	17.701	38	16695418	16732622	37.205	62	16695418	16724432	29.015	52	16695418	16739127	43.71	63	16695418	16739127	43.71	16695418	16739127	43709	unique
rs62053943	Nalls et al. 2019	PD	17	43744203	2850	43572419	44625866	1053.45	NA	NA	NA	NA	2746	43490853	44625866	1135.01	NA	NA	NA	NA	3084	43572419	44708736	1136.32	3188	43543083	44699851	1156.77	43490853	44708736	1217883	unique
rs62333164	Nalls et al. 2019	PD	4	170583157	49	170545431	170645523	100.093	52	170545431	170645523	100.093	63	170292992	170645539	352.548	56	170303820	170645539	341.72	172	170238390	170645539	407.15	114	170292992	170646003	353.012	170238390	170646003	407613	unique
rs6448453	Jansen et al. 2019	AD	4	11026028	8	11023243	11040406	17.164	8	11019205	11038456	19.252	24	11019090	11048723	29.634	38	11014822	11047691	32.87	25	11014822	11048723	33.902	17	11014822	11040406	25.585	11014822	11048723	33901	unique
rs6476434	Nalls et al. 2019	PD	9	34046391	167	33766536	34053815	287.28	167	33766536	34082968	316.433	230	33739700	34141756	402.057	259	33731379	34071144	339.766	293	33664300	34149998	485.699	304	33664300	34141756	477.457	33664300	34149998	485698	unique
rs6497339	Nalls et al. 2019	PD	16	19277493	0	19277493	19277493	0.001	0	19277493	19277493	0.001	31	19244424	19279548	35.125	21	19244424	19279464	35.041	46	19244424	19279548	35.125	28	19244424	19279548	35.125	19244424	19279548	35124	unique
rs6500328	Nalls et al. 2019	PD	16	50736656	8	50736656	50766886	30.231	10	50736656	50766886	30.231	56	50715185	50841484	126.3	82	50713315	50842961	129.647	65	50715185	50845533	130.349	56	50715185	50842961	127.777	50713315	50845533	132218	unique
rs6658353	Nalls et al. 2019	PD	1	161469054	12	161457637	161479745	22.109	5	161463601	161479745	16.145	9	161460211	161479745	19.535	18	161460211	161479745	19.535	10	161460211	161479745	19.535	18	161460211	161479745	19.535	161457637	161479745	22108	unique
rs666463	Nalls et al. 2019	PD	17	76425480	80	76414072	76429847	15.776	69	76415153	76429761	14.609	103	76408369	76439980	31.612	99	76408369	76439980	31.612	108	76408369	76439980	31.612	101	76408369	76441984	33.616	76408369	76441984	33615	unique
rs6733839	Kunkle et al. 2019	AD	2	127892810	0	127892810	127892810	0.001	0	127892810	127892810	0.001	1	127891427	127892810	1.384	3	127882182	127892810	10.629	5	127891427	127894615	3.189	9	127865100	127894098	28.999	127865100	127894615	29515	unique
rs6808178	Nalls et al. 2019	PD	3	28705690	3	28689218	28705690	16.473	3	28689218	28712104	22.887	6	28689218	28712104	22.887	18	28674463	28712104	37.642	17	28687321	28708340	21.02	18	28674463	28712104	37.642	28674463	28712104	37641	unique
rs6825004	Nalls et al. 2019	PD	4	77110365	20	77034735	77129568	94.834	28	77034735	77129568	94.834	9	77027665	77111032	83.368	61	77001426	77117574	116.149	10	77027665	77111032	83.368	42	77015665	77114936	99.272	77001426	77129568	128142	unique
rs6854006	Nalls et al. 2019	PD	4	77198054	11	77196677	77199913	3.237	11	77196677	77199913	3.237	32	77183300	77202019	18.72	21	77155742	77211104	55.363	17	77196677	77217812	21.136	51	77183300	77219402	36.103	77155742	77219402	63660	unique
rs6931277	Jansen et al. 2019	AD	6	32583357	224	32384801	32682019	297.219	87	32396930	32626196	229.267	286	32387809	32682137	294.329	219	32455718	32673714	217.997	319	32219320	32682429	463.11	254	32455718	32682429	226.712	32219320	32682429	463109	unique
rs7134559	Nalls et al. 2019	PD	12	46419086	66	46086071	46444609	358.539	57	46110108	46512078	401.971	112	46124413	46454899	330.487	141	46101115	46456173	355.059	126	46124413	46454899	330.487	18	46408071	46444609	36.539	46086071	46512078	426007	unique
rs71618613	Kunkle et al. 2019	AD	NA	NA	NA	NA	NA	NA	NA	NA	NA	NA	6	28782903	29205785	422.883	NA	NA	NA	NA	6	28782903	29205785	422.883	NA	NA	NA	NA	28782903	29205785	422882	unique
rs7185636	Kunkle et al. 2019	AD	16	19808163	66	19706199	19844790	138.592	23	19711475	19829994	118.52	143	19706199	19830457	124.259	163	19705184	19867368	162.185	169	19706199	19892565	186.367	155	19705184	19831267	126.084	19705184	19892565	187381	unique
rs72840788	Nalls et al. 2019	PD	10	121415685	7	121415685	121438212	22.528	NA	NA	NA	NA	8	121415685	121440694	25.01	1	121415685	121736514	320.83	9	121415685	121438212	22.528	63	121415685	121703755	288.071	121415685	121736514	320829	unique
rs7295246	Kunkle et al. 2019	AD	12	43967677	57	43847941	43980535	132.595	24	43939623	43980535	40.913	21	43889748	43981279	91.532	29	43814587	43981279	166.693	35	43872553	43981279	108.727	28	43933889	43980535	46.647	43814587	43981279	166692	unique
rs73038319	Nalls et al. 2019	PD	NA	NA	NA	NA	NA	NA	NA	NA	NA	NA	8	17925185	18450269	525.085	NA	NA	NA	NA	9	18064626	18450269	385.644	NA	NA	NA	NA	17925185	18450269	525084	unique
rs73223431	Kunkle et al. 2019	AD	8	27219987	4	27184695	27259933	75.239	4	27184695	27259933	75.239	40	27195121	27286611	91.491	71	27192236	27303015	110.78	18	27195121	27232018	36.898	116	27195121	27303015	107.895	27184695	27303015	118320	unique
rs74654358	Nicolas et al. 2018	ALS	NA	NA	NA	NA	NA	NA	NA	NA	NA	NA	12	64745560	65365482	619.923	NA	NA	NA	NA	5	64757407	64881967	124.561	5	64622420	64881967	259.548	64622420	65365482	743062	unique
rs74977128	Ferrari et al. 2014	FTD and subtypes	11	87936874	0	87936874	87936874	0.001	0	87936874	87936874	0.001	0	87936874	87936874	0.001	NA	NA	NA	NA	1	87897704	87936874	39.171	2	87872076	87936874	64.799	87872076	87936874	64798	unique
rs75087725	Nicolas et al. 2018	ALS	NA	NA	NA	NA	NA	NA	NA	NA	NA	NA	NA	NA	NA	NA	NA	NA	NA	NA	0	45753117	45753117	0.001	NA	NA	NA	NA	45753117	45753117	0	unique
rs7571971	Hoglinger et al. 2011	PSP	2	88895351	25	88820164	89127937	307.774	13	88820164	89127937	307.774	35	88840761	89128221	287.461	70	88779515	89128221	348.707	31	88870632	89103554	232.923	34	88795621	89103554	307.934	88779515	89128221	348706	unique
rs75859381	Nalls et al. 2019	PD	NA	NA	NA	NA	NA	NA	NA	NA	NA	NA	4	133118216	133222533	104.318	2	133118216	133212446	94.231	7	133094768	133361011	266.244	2	133118216	133212446	94.231	133094768	133361011	266243	unique
rs75932628	Kunkle et al. 2019	AD	NA	NA	NA	NA	NA	NA	NA	NA	NA	NA	0	41129252	41129252	0.001	NA	NA	NA	NA	3	40904030	41129252	225.223	NA	NA	NA	NA	40904030	41129252	225222	unique
rs76116224	Nalls et al. 2019	PD	2	18147848	1	18114658	18147848	33.191	19	18063862	18254047	190.186	0	18147848	18147848	0.001	NA	NA	NA	NA	0	18147848	18147848	0.001	0	18147848	18147848	0.001	18063862	18254047	190185	unique
rs76320948	Jansen et al. 2019	AD	NA	NA	NA	NA	NA	NA	NA	NA	NA	NA	NA	NA	NA	NA	NA	NA	NA	NA	NA	NA	NA	NA	NA	NA	NA	NA	NA	NA	NA	unique
rs7657553	Jansen et al. 2019	AD	4	11723235	31	11630049	11761979	131.931	23	11630049	11760162	130.114	116	11662188	11765217	103.03	118	11630049	11764791	134.743	237	11629882	11764791	134.91	244	11629882	11763909	134.028	11629882	11765217	135335	unique
rs76726049	Jansen et al. 2019	AD	NA	NA	NA	NA	NA	NA	NA	NA	NA	NA	3	55968665	56207629	238.965	NA	NA	NA	NA	1	56189459	56207629	18.171	0	56189459	56189459	0.001	55968665	56207629	238964	unique
rs76763715	Nalls et al. 2019	PD	NA	NA	NA	NA	NA	NA	NA	NA	NA	NA	NA	NA	NA	NA	NA	NA	NA	NA	NA	NA	NA	NA	NA	NA	NA	NA	NA	NA	NA	unique
rs7681440	Guerriero et al. 2018	DLB	NA	NA	NA	NA	NA	NA	NA	NA	NA	NA	NA	NA	NA	NA	NA	NA	NA	NA	NA	NA	NA	NA	NA	NA	NA	NA	NA	NA	NA	unique
rs7681440	Guerriero et al. 2018	DLB	NA	NA	NA	NA	NA	NA	NA	NA	NA	NA	NA	NA	NA	NA	NA	NA	NA	NA	NA	NA	NA	NA	NA	NA	NA	NA	NA	NA	NA	dupe
rs76904798	Nalls et al. 2019	PD	12	40614434	63	40499639	40718000	218.362	76	40388549	40694018	305.47	377	40320875	40828306	507.432	73	40457624	40629747	172.124	34	40610864	40728428	117.565	23	40582993	40751527	168.535	40320875	40828306	507431	unique
rs76949143	Nalls et al. 2019	PD	7	66009851	0	66009851	66009851	0.001	0	66009851	66009851	0.001	440	65059071	66434352	1375.28	409	65050642	66445070	1394.43	815	65014953	66755654	1740.7	483	65425517	66434352	1008.84	65014953	66755654	1740701	unique
rs77351827	Nalls et al. 2019	PD	NA	NA	NA	NA	NA	NA	4	6006041	6052668	46.628	40	5986950	6029552	42.603	NA	NA	NA	NA	44	5986950	6033033	46.084	3	5956389	6008115	51.727	5956389	6052668	96279	unique
rs7810606	Jansen et al. 2019	AD	7	143108158	1	143107588	143108158	0.571	2	143106884	143108158	1.275	3	143095256	143108158	12.903	10	143081833	143108158	26.326	3	143101984	143108158	6.175	11	143101984	143125808	23.825	143081833	143125808	43975	unique
rs7920721	Kunkle et al. 2019	AD	10	11720308	8	11707915	11723257	15.343	7	11714507	11723257	8.751	14	11703491	11723257	19.767	15	11703491	11723537	20.047	10	11703491	11723257	19.767	10	11703491	11723257	19.767	11703491	11723537	20046	unique
rs7920721	Kunkle et al. 2019	AD	10	11720308	8	11707915	11723257	15.343	7	11714507	11723257	8.751	14	11703491	11723257	19.767	15	11703491	11723537	20.047	10	11703491	11723257	19.767	10	11703491	11723257	19.767	11703491	11723537	20046	dupe
rs7933202	Kunkle et al. 2019	AD	11	59936926	22	59859576	60021948	162.373	6	59859576	59936926	77.351	124	59856028	59968741	112.714	8	59859576	59952316	92.741	187	59856028	60099912	243.885	176	59856028	60041296	185.269	59856028	60099912	243884	unique
rs7938782	Nalls et al. 2019	PD	11	10558777	17	10533056	10559783	26.728	17	10533056	10559783	26.728	23	10525919	10559783	33.865	28	10520575	10559783	39.209	23	10525919	10559783	33.865	33	10520036	10576815	56.78	10520036	10576815	56779	unique
rs8070723	Hoglinger et al. 2011	PSP	17	44081064	0	44081064	44081064	0.001	0	44081064	44081064	0.001	3373	43460181	44865498	1405.32	NA	NA	NA	NA	3426	43463493	44865603	1402.11	3361	43463493	44865498	1402.01	43460181	44865603	1405422	unique
rs8087969	Nalls et al. 2019	PD	18	48683589	41	48679989	48778064	98.076	45	48672508	48778064	105.557	85	48679989	48776106	96.118	48	48679989	48776106	96.118	91	48679989	48783342	103.354	74	48679989	48758488	78.5	48672508	48783342	110834	unique
rs8093731	Jansen et al. 2019	AD	18	29088958	9	29079200	29090893	11.694	11	29079200	29090893	11.694	9	29079200	29090893	11.694	12	29075045	29091901	16.857	33	29006240	29541991	535.752	26	29041410	29091901	50.492	29006240	29541991	535751	unique
rs823118	Nalls et al. 2019	PD	1	205723572	29	205679239	205762406	83.168	31	205659491	205764800	105.31	44	205676088	205757824	81.737	73	205642390	205779231	136.842	37	205670369	205774897	104.529	43	205670369	205762946	92.578	205642390	205779231	136841	unique
rs850738	Nalls et al. 2019	PD	17	42434630	5	42430244	42454270	24.027	47	42430244	42615552	185.309	16	42427732	42555787	128.056	14	42427732	42454806	27.075	71	42430244	42594762	164.519	16	42427732	42454806	27.075	42427732	42615552	187820	unique
rs867611	Jansen et al. 2019	AD	11	85776544	79	85655105	85867875	212.771	81	85655105	85867875	212.771	144	85652251	85871184	218.934	207	85653256	85871184	217.929	120	85655105	85868640	213.536	145	85634734	85871184	236.451	85634734	85871184	236450	unique
rs873786	Nalls et al. 2019	PD	4	925376	2	881327	944210	62.884	NA	NA	NA	NA	3	844781	944210	99.43	NA	NA	NA	NA	4	816756	944210	127.455	8	708132	1002268	294.137	708132	1002268	294136	unique
rs896435	Nalls et al. 2019	PD	10	15557406	69	15538218	15631486	93.269	65	15549548	15608805	59.258	156	15537519	15609187	71.669	74	15549548	15605766	56.219	155	15537958	15608805	70.848	76	15538218	15608547	70.33	15537519	15631486	93967	unique
rs897984	Guerriero et al. 2018	DLB	16	30886643	31	30636777	30903679	266.903	25	30636777	30903679	266.903	38	30672719	30903679	230.961	298	30603521	31149142	545.622	162	30801183	31109290	308.108	257	30584430	31133449	549.02	30584430	31149142	564712	unique
rs897984	Guerriero et al. 2018	DLB	16	30886643	31	30636777	30903679	266.903	25	30636777	30903679	266.903	38	30672719	30903679	230.961	298	30603521	31149142	545.622	162	30801183	31109290	308.108	257	30584430	31133449	549.02	30584430	31149142	564712	dupe
rs9261484	Nalls et al. 2019	PD	6	30108683	120	30090820	30121460	30.641	115	30079307	30122393	43.087	150	30075903	30220739	144.837	210	30075903	30220739	144.837	180	29802532	30315011	512.48	65	30077229	30203659	126.431	29802532	30315011	512479	unique
rs9268856	Ferrari et al. 2014	FTD and subtypes	6	32429719	150	32428804	32501658	72.855	168	32411833	32451888	40.056	217	32410941	32556186	145.246	181	32410137	32452142	42.006	208	32340176	32556186	216.011	224	32370522	32452707	82.186	32340176	32556186	216010	unique
rs9268856	Ferrari et al. 2014	FTD and subtypes	6	32429719	150	32428804	32501658	72.855	168	32411833	32451888	40.056	217	32410941	32556186	145.246	181	32410137	32452142	42.006	208	32340176	32556186	216.011	224	32370522	32452707	82.186	32340176	32556186	216010	dupe
rs9268856	Ferrari et al. 2014	FTD and subtypes	6	32429719	150	32428804	32501658	72.855	168	32411833	32451888	40.056	217	32410941	32556186	145.246	181	32410137	32452142	42.006	208	32340176	32556186	216.011	224	32370522	32452707	82.186	32340176	32556186	216010	dupe
rs9268877	Ferrari et al. 2014	FTD and subtypes	6	32431147	107	32428186	32452517	24.332	112	32428186	32452517	24.332	107	32428186	32452517	24.332	119	32428186	32604050	175.865	125	32428186	32580366	152.181	112	32428186	32452176	23.991	32428186	32604050	175864	unique
rs9268877	Ferrari et al. 2014	FTD and subtypes	6	32431147	107	32428186	32452517	24.332	112	32428186	32452517	24.332	107	32428186	32452517	24.332	119	32428186	32604050	175.865	125	32428186	32580366	152.181	112	32428186	32452176	23.991	32428186	32604050	175864	dupe
rs9268877	Ferrari et al. 2014	FTD and subtypes	6	32431147	107	32428186	32452517	24.332	112	32428186	32452517	24.332	107	32428186	32452517	24.332	119	32428186	32604050	175.865	125	32428186	32580366	152.181	112	32428186	32452176	23.991	32428186	32604050	175864	dupe
rs9271058	Kunkle et al. 2019	AD	6	32575406	1930	32453558	32590331	136.774	2173	32378701	32661798	283.098	1015	32487427	32622063	134.637	2161	32389255	32605558	216.304	1106	32395036	32636434	241.399	2260	32389255	32672734	283.48	32378701	32672734	294033	unique
rs9331896	Kunkle et al. 2019	AD	8	27467686	3	27464519	27467686	3.168	3	27464519	27467686	3.168	10	27456253	27468503	12.251	12	27456253	27468503	12.251	10	27456253	27468503	12.251	12	27456253	27468503	12.251	27456253	27468503	12250	unique
rs9381563	Jansen et al. 2019	AD	6	47432637	0	47432637	47432637	0.001	3	47411166	47432637	21.472	80	47427281	47595155	167.875	6	47427281	47595155	167.875	84	47427281	47595155	167.875	1	47432637	47595155	162.519	47411166	47595155	183989	unique
rs9473117	Kunkle et al. 2019	AD	6	47431284	28	47427281	47554468	127.188	28	47427281	47554468	127.188	90	47412916	47621579	208.664	93	47403638	47633098	229.461	95	47403638	47628558	224.921	88	47403638	47609592	205.955	47403638	47633098	229460	unique
rs9568188	Nalls et al. 2019	PD	13	49927732	4	49918965	49936877	17.913	4	49918965	49936877	17.913	4	49915391	49939903	24.513	11	49901720	49943607	41.888	5	49915391	49982096	66.706	3	49925365	49936877	11.513	49901720	49982096	80376	unique
rs979812	Nalls et al. 2019	PD	14	88464264	15	88438448	88487570	49.123	12	88444882	88475921	31.04	55	88391116	88489630	98.515	55	88368738	88552087	183.35	76	88372294	88529064	156.771	96	88391116	88587120	196.005	88368738	88587120	218382	unique
rs997368	Nalls et al. 2019	PD	6	112243291	45	112208191	112296141	87.951	38	112208191	112285867	77.677	101	112110528	112272805	162.278	102	112179221	112273151	93.931	80	112110528	112251458	140.931	70	112161786	112273860	112.075	112110528	112296141	185613	unique